2010 061 17 41 40 253109940 00 032 2.67e-012 2.67e-013
2010 061 17 41 40 253109940 01 032 1.68e-012 1.68e-013
2010 061 17 41 40 253109940 02 032 1.06e-012 1.06e-013
2010 061 17 41 40 253109940 03 032 6.76e-013 6.76e-014
2010 061 17 41 40 253109940 04 032 5.15e-013 5.15e-014
2010 061 17 41 40 253109940 05 032 3.93e-013 3.93e-014
2010 061 17 41 40 253109940 06 032 2.89e-013 2.89e-014
2010 061 17 41 40 253109940 07 032 2.07e-013 2.07e-014
2010 061 17 41 40 253109940 08 032 1.55e-013 1.55e-014
2010 061 17 41 40 253109940 09 032 1.31e-013 1.31e-014
2010 061 17 41 40 253109940 10 032 1.13e-013 1.13e-014
2010 061 17 41 40 253109940 11 032 7.94e-014 7.94e-015
2010 061 17 41 40 253109940 12 032 6.20e-014 6.20e-015
2010 061 17 41 40 253109940 13 032 4.47e-014 4.47e-015
2010 061 17 41 40 253109940 14 032 3.70e-014 3.70e-015
2010 061 17 41 40 253109940 15 032 3.20e-014 3.20e-015
2010 061 17 41 40 253109940 16 032 2.55e-014 2.55e-015
2010 061 17 41 40 253109940 17 032 1.84e-014 1.84e-015
2010 061 17 41 40 253109940 18 032 1.44e-014 1.44e-015
2010 061 17 41 40 253109940 19 032 1.06e-014 1.06e-015
2010 061 17 41 40 253109940 20 032 7.86e-015 7.86e-016
2010 061 17 41 40 253109940 21 032 5.71e-015 5.71e-016
2010 061 17 41 40 253109940 22 032 3.79e-015 3.79e-016
2010 061 17 41 40 253109940 23 032 2.71e-015 2.71e-016
2010 061 17 41 40 253109940 24 032 1.61e-015 1.61e-016
2010 061 17 41 40 253109940 25 032 1.01e-015 1.01e-016
2010 061 17 41 40 253109940 26 032 7.30e-016 7.30e-017
2010 061 17 41 40 253109940 27 032 5.59e-016 5.59e-017
2010 061 17 41 40 253109940 28 032 3.96e-016 3.96e-017
2010 061 17 41 40 253109940 29 032 2.55e-016 2.55e-017
2010 061 17 41 40 253109940 30 032 1.44e-016 1.44e-017
2010 061 17 41 40 253109940 31 032 8.10e-017 8.10e-018
2010 061 17 41 40 253109940 32 032 4.30e-017 4.30e-018
2010 061 17 41 40 253109940 33 032 2.72e-017 2.72e-018
2010 061 17 41 40 253109940 34 032 1.62e-017 1.62e-018
2010 061 17 41 40 253109940 35 032 1.13e-017 1.13e-018
2010 061 17 41 40 253109940 36 032 7.30e-018 7.30e-019
2010 061 17 41 40 253109940 37 032 4.96e-018 4.96e-019
2010 061 17 41 40 253109940 38 032 3.52e-018 3.52e-019
2010 061 17 41 40 253109940 39 032 2.46e-018 2.46e-019
2010 061 17 41 40 253109940 40 032 1.85e-018 1.85e-019
2010 061 17 41 40 253109940 41 032 1.29e-018 1.29e-019
2010 061 17 41 40 253109940 42 032 8.41e-019 8.41e-020
2010 061 17 41 40 253109940 43 032 6.99e-019 6.99e-020
2010 061 17 41 40 253109940 44 032 5.21e-019 5.21e-020
2010 061 17 41 40 253109940 45 032 3.62e-019 3.62e-020
2010 061 17 41 40 253109940 46 032 2.72e-019 2.72e-020
2010 061 17 41 40 253109940 47 032 2.22e-019 2.22e-020
2010 061 17 41 40 253109940 48 032 1.64e-019 1.64e-020
2010 061 17 41 40 253109940 49 032 1.22e-019 1.22e-020
2010 061 17 41 40 253109940 50 032 9.41e-020 9.41e-021
2010 061 17 41 40 253109940 51 032 6.78e-020 6.78e-021
2010 061 17 41 40 253109940 52 032 4.03e-020 4.03e-021
2010 061 17 41 40 253109940 53 032 2.68e-020 2.68e-021
2010 061 17 41 40 253109940 54 032 1.90e-020 1.90e-021
2010 061 17 41 40 253109940 55 032 1.17e-020 1.17e-021
2010 061 17 41 40 253109940 56 032 7.64e-021 7.64e-022
2010 061 17 41 40 253109940 57 032 4.61e-021 4.61e-022
2010 061 17 41 40 253109940 58 032 2.79e-021 2.79e-022
2010 061 17 41 40 253109940 59 032 1.49e-021 1.49e-022
2010 061 17 41 40 253109940 60 032 7.37e-022 7.37e-023
2010 061 17 41 40 253109940 61 032 3.43e-022 3.43e-023
2010 061 17 41 40 253109940 62 032 3.14e-022 3.14e-023
2010 061 17 41 40 253109940 00 051 1.68e-012 1.68e-013
2010 061 17 41 40 253109940 01 051 1.16e-012 1.16e-013
2010 061 17 41 40 253109940 02 051 7.95e-013 7.95e-014
2010 061 17 41 40 253109940 03 051 5.49e-013 5.49e-014
2010 061 17 41 40 253109940 04 051 4.08e-013 4.08e-014
2010 061 17 41 40 253109940 05 051 3.04e-013 3.04e-014
2010 061 17 41 40 253109940 06 051 2.34e-013 2.34e-014
2010 061 17 41 40 253109940 07 051 1.85e-013 1.85e-014
2010 061 17 41 40 253109940 08 051 1.47e-013 1.47e-014
2010 061 17 41 40 253109940 09 051 1.23e-013 1.23e-014
2010 061 17 41 40 253109940 10 051 1.04e-013 1.04e-014
2010 061 17 41 40 253109940 11 051 7.97e-014 7.97e-015
2010 061 17 41 40 253109940 12 051 6.96e-014 6.96e-015
2010 061 17 41 40 253109940 13 051 5.26e-014 5.26e-015
2010 061 17 41 40 253109940 14 051 4.36e-014 4.36e-015
2010 061 17 41 40 253109940 15 051 3.49e-014 3.49e-015
2010 061 17 41 40 253109940 16 051 2.73e-014 2.73e-015
2010 061 17 41 40 253109940 17 051 2.25e-014 2.25e-015
2010 061 17 41 40 253109940 18 051 1.60e-014 1.60e-015
2010 061 17 41 40 253109940 19 051 1.18e-014 1.18e-015
2010 061 17 41 40 253109940 20 051 8.96e-015 8.96e-016
2010 061 17 41 40 253109940 21 051 5.99e-015 5.99e-016
2010 061 17 41 40 253109940 22 051 3.96e-015 3.96e-016
2010 061 17 41 40 253109940 23 051 2.47e-015 2.47e-016
2010 061 17 41 40 253109940 24 051 1.39e-015 1.39e-016
2010 061 17 41 40 253109940 25 051 8.61e-016 8.61e-017
2010 061 17 41 40 253109940 26 051 4.96e-016 4.96e-017
2010 061 17 41 40 253109940 27 051 2.71e-016 2.71e-017
2010 061 17 41 40 253109940 28 051 1.72e-016 1.72e-017
2010 061 17 41 40 253109940 29 051 1.16e-016 1.16e-017
2010 061 17 41 40 253109940 30 051 7.66e-017 7.66e-018
2010 061 17 41 40 253109940 31 051 5.20e-017 5.20e-018
2010 061 17 41 40 253109940 32 051 3.21e-017 3.21e-018
2010 061 17 41 40 253109940 33 051 2.11e-017 2.11e-018
2010 061 17 41 40 253109940 34 051 1.16e-017 1.16e-018
2010 061 17 41 40 253109940 35 051 8.90e-018 8.90e-019
2010 061 17 41 40 253109940 36 051 5.65e-018 5.65e-019
2010 061 17 41 40 253109940 37 051 4.01e-018 4.01e-019
2010 061 17 41 40 253109940 38 051 2.95e-018 2.95e-019
2010 061 17 41 40 253109940 39 051 2.37e-018 2.37e-019
2010 061 17 41 40 253109940 40 051 1.88e-018 1.88e-019
2010 061 17 41 40 253109940 41 051 1.33e-018 1.33e-019
2010 061 17 41 40 253109940 42 051 1.00e-018 1.00e-019
2010 061 17 41 40 253109940 43 051 7.70e-019 7.70e-020
2010 061 17 41 40 253109940 44 051 5.92e-019 5.92e-020
2010 061 17 41 40 253109940 45 051 4.64e-019 4.64e-020
2010 061 17 41 40 253109940 46 051 3.98e-019 3.98e-020
2010 061 17 41 40 253109940 47 051 3.17e-019 3.17e-020
2010 061 17 41 40 253109940 48 051 2.18e-019 2.18e-020
2010 061 17 41 40 253109940 49 051 1.64e-019 1.64e-020
2010 061 17 41 40 253109940 50 051 1.05e-019 1.05e-020
2010 061 17 41 40 253109940 51 051 6.93e-020 6.93e-021
2010 061 17 41 40 253109940 52 051 4.85e-020 4.85e-021
2010 061 17 41 40 253109940 53 051 3.19e-020 3.19e-021
2010 061 17 41 40 253109940 54 051 1.83e-020 1.83e-021
2010 061 17 41 40 253109940 55 051 1.05e-020 1.05e-021
2010 061 17 41 40 253109940 56 051 6.04e-021 6.04e-022
2010 061 17 41 40 253109940 57 051 2.64e-021 2.64e-022
2010 061 17 41 40 253109940 58 051 1.66e-021 1.66e-022
2010 061 17 41 40 253109940 59 051 5.25e-022 5.25e-023
2010 061 17 41 40 253109940 60 051 4.33e-022 4.33e-023
2010 061 17 41 40 253109940 61 051 1.14e-022 1.14e-023
2010 061 17 41 40 253109940 62 051 9.99e-023 9.99e-024
2010 061 17 41 40 253109940 00 071 1.55e-012 1.55e-013
2010 061 17 41 40 253109940 01 071 1.02e-012 1.02e-013
2010 061 17 41 40 253109940 02 071 6.73e-013 6.73e-014
2010 061 17 41 40 253109940 03 071 4.47e-013 4.47e-014
2010 061 17 41 40 253109940 04 071 3.39e-013 3.39e-014
2010 061 17 41 40 253109940 05 071 2.57e-013 2.57e-014
2010 061 17 41 40 253109940 06 071 1.99e-013 1.99e-014
2010 061 17 41 40 253109940 07 071 1.56e-013 1.56e-014
2010 061 17 41 40 253109940 08 071 1.29e-013 1.29e-014
2010 061 17 41 40 253109940 09 071 1.05e-013 1.05e-014
2010 061 17 41 40 253109940 10 071 8.58e-014 8.58e-015
2010 061 17 41 40 253109940 11 071 7.21e-014 7.21e-015
2010 061 17 41 40 253109940 12 071 5.85e-014 5.85e-015
2010 061 17 41 40 253109940 13 071 4.62e-014 4.62e-015
2010 061 17 41 40 253109940 14 071 3.75e-014 3.75e-015
2010 061 17 41 40 253109940 15 071 3.11e-014 3.11e-015
2010 061 17 41 40 253109940 16 071 2.56e-014 2.56e-015
2010 061 17 41 40 253109940 17 071 1.86e-014 1.86e-015
2010 061 17 41 40 253109940 18 071 1.46e-014 1.46e-015
2010 061 17 41 40 253109940 19 071 1.12e-014 1.12e-015
2010 061 17 41 40 253109940 20 071 8.03e-015 8.03e-016
2010 061 17 41 40 253109940 21 071 5.46e-015 5.46e-016
2010 061 17 41 40 253109940 22 071 3.27e-015 3.27e-016
2010 061 17 41 40 253109940 23 071 1.99e-015 1.99e-016
2010 061 17 41 40 253109940 24 071 1.18e-015 1.18e-016
2010 061 17 41 40 253109940 25 071 6.77e-016 6.77e-017
2010 061 17 41 40 253109940 26 071 3.76e-016 3.76e-017
2010 061 17 41 40 253109940 27 071 2.12e-016 2.12e-017
2010 061 17 41 40 253109940 28 071 1.16e-016 1.16e-017
2010 061 17 41 40 253109940 29 071 7.01e-017 7.01e-018
2010 061 17 41 40 253109940 30 071 4.30e-017 4.30e-018
2010 061 17 41 40 253109940 31 071 2.27e-017 2.27e-018
2010 061 17 41 40 253109940 32 071 1.60e-017 1.60e-018
2010 061 17 41 40 253109940 33 071 9.98e-018 9.98e-019
2010 061 17 41 40 253109940 34 071 7.78e-018 7.78e-019
2010 061 17 41 40 253109940 35 071 4.87e-018 4.87e-019
2010 061 17 41 40 253109940 36 071 3.94e-018 3.94e-019
2010 061 17 41 40 253109940 37 071 2.93e-018 2.93e-019
2010 061 17 41 40 253109940 38 071 2.50e-018 2.50e-019
2010 061 17 41 40 253109940 39 071 1.59e-018 1.59e-019
2010 061 17 41 40 253109940 40 071 1.21e-018 1.21e-019
2010 061 17 41 40 253109940 41 071 1.03e-018 1.03e-019
2010 061 17 41 40 253109940 42 071 7.83e-019 7.83e-020
2010 061 17 41 40 253109940 43 071 7.34e-019 7.34e-020
2010 061 17 41 40 253109940 44 071 6.00e-019 6.00e-020
2010 061 17 41 40 253109940 45 071 4.14e-019 4.14e-020
2010 061 17 41 40 253109940 46 071 3.59e-019 3.59e-020
2010 061 17 41 40 253109940 47 071 2.60e-019 2.60e-020
2010 061 17 41 40 253109940 48 071 1.45e-019 1.45e-020
2010 061 17 41 40 253109940 49 071 9.66e-020 9.66e-021
2010 061 17 41 40 253109940 50 071 4.93e-020 4.93e-021
2010 061 17 41 40 253109940 51 071 2.70e-020 2.70e-021
2010 061 17 41 40 253109940 52 071 1.27e-020 1.27e-021
2010 061 17 41 40 253109940 53 071 6.65e-021 6.65e-022
2010 061 17 41 40 253109940 54 071 3.39e-021 3.39e-022
2010 061 17 41 40 253109940 55 071 1.54e-021 1.54e-022
2010 061 17 41 40 253109940 56 071 9.21e-022 9.21e-023
2010 061 17 41 40 253109940 57 071 6.79e-022 6.79e-023
2010 061 17 41 40 253109940 58 071 3.45e-022 3.45e-023
2010 061 17 41 40 253109940 59 071       NaN       NaN
2010 061 17 41 40 253109940 60 071       NaN       NaN
2010 061 17 41 40 253109940 61 071       NaN       NaN
2010 061 17 41 40 253109940 62 071 1.91e-023 1.91e-024
2010 061 17 41 40 253109940 00 091 1.71e-012 1.71e-013
2010 061 17 41 40 253109940 01 091 1.12e-012 1.12e-013
2010 061 17 41 40 253109940 02 091 7.31e-013 7.31e-014
2010 061 17 41 40 253109940 03 091 4.80e-013 4.80e-014
2010 061 17 41 40 253109940 04 091 3.51e-013 3.51e-014
2010 061 17 41 40 253109940 05 091 2.57e-013 2.57e-014
2010 061 17 41 40 253109940 06 091 1.98e-013 1.98e-014
2010 061 17 41 40 253109940 07 091 1.59e-013 1.59e-014
2010 061 17 41 40 253109940 08 091 1.30e-013 1.30e-014
2010 061 17 41 40 253109940 09 091 1.04e-013 1.04e-014
2010 061 17 41 40 253109940 10 091 8.17e-014 8.17e-015
2010 061 17 41 40 253109940 11 091 6.94e-014 6.94e-015
2010 061 17 41 40 253109940 12 091 5.74e-014 5.74e-015
2010 061 17 41 40 253109940 13 091 4.78e-014 4.78e-015
2010 061 17 41 40 253109940 14 091 3.69e-014 3.69e-015
2010 061 17 41 40 253109940 15 091 3.11e-014 3.11e-015
2010 061 17 41 40 253109940 16 091 2.60e-014 2.60e-015
2010 061 17 41 40 253109940 17 091 2.02e-014 2.02e-015
2010 061 17 41 40 253109940 18 091 1.44e-014 1.44e-015
2010 061 17 41 40 253109940 19 091 1.18e-014 1.18e-015
2010 061 17 41 40 253109940 20 091 7.97e-015 7.97e-016
2010 061 17 41 40 253109940 21 091 5.39e-015 5.39e-016
2010 061 17 41 40 253109940 22 091 3.12e-015 3.12e-016
2010 061 17 41 40 253109940 23 091 1.88e-015 1.88e-016
2010 061 17 41 40 253109940 24 091 1.05e-015 1.05e-016
2010 061 17 41 40 253109940 25 091 5.59e-016 5.59e-017
2010 061 17 41 40 253109940 26 091 3.00e-016 3.00e-017
2010 061 17 41 40 253109940 27 091 1.63e-016 1.63e-017
2010 061 17 41 40 253109940 28 091 9.40e-017 9.40e-018
2010 061 17 41 40 253109940 29 091 5.89e-017 5.89e-018
2010 061 17 41 40 253109940 30 091 3.88e-017 3.88e-018
2010 061 17 41 40 253109940 31 091 1.95e-017 1.95e-018
2010 061 17 41 40 253109940 32 091 1.50e-017 1.50e-018
2010 061 17 41 40 253109940 33 091 8.09e-018 8.09e-019
2010 061 17 41 40 253109940 34 091 6.44e-018 6.44e-019
2010 061 17 41 40 253109940 35 091 4.12e-018 4.12e-019
2010 061 17 41 40 253109940 36 091 2.73e-018 2.73e-019
2010 061 17 41 40 253109940 37 091 2.81e-018 2.81e-019
2010 061 17 41 40 253109940 38 091 1.92e-018 1.92e-019
2010 061 17 41 40 253109940 39 091 1.62e-018 1.62e-019
2010 061 17 41 40 253109940 40 091 1.16e-018 1.16e-019
2010 061 17 41 40 253109940 41 091 9.36e-019 9.36e-020
2010 061 17 41 40 253109940 42 091 7.78e-019 7.78e-020
2010 061 17 41 40 253109940 43 091 6.15e-019 6.15e-020
2010 061 17 41 40 253109940 44 091 5.42e-019 5.42e-020
2010 061 17 41 40 253109940 45 091 4.05e-019 4.05e-020
2010 061 17 41 40 253109940 46 091 3.04e-019 3.04e-020
2010 061 17 41 40 253109940 47 091 1.97e-019 1.97e-020
2010 061 17 41 40 253109940 48 091 9.45e-020 9.45e-021
2010 061 17 41 40 253109940 49 091 4.56e-020 4.56e-021
2010 061 17 41 40 253109940 50 091 1.76e-020 1.76e-021
2010 061 17 41 40 253109940 51 091 9.54e-021 9.54e-022
2010 061 17 41 40 253109940 52 091 8.63e-021 8.63e-022
2010 061 17 41 40 253109940 53 091 4.11e-021 4.11e-022
2010 061 17 41 40 253109940 54 091 2.23e-021 2.23e-022
2010 061 17 41 40 253109940 55 091 1.10e-021 1.10e-022
2010 061 17 41 40 253109940 56 091 3.65e-022 3.65e-023
2010 061 17 41 40 253109940 57 091 2.98e-022 2.98e-023
2010 061 17 41 40 253109940 58 091 2.31e-022 2.31e-023
2010 061 17 41 40 253109940 59 091 2.44e-022 2.44e-023
2010 061 17 41 40 253109940 60 091       NaN       NaN
2010 061 17 41 40 253109940 61 091 3.09e-023 3.09e-024
2010 061 17 41 40 253109940 62 091 2.41e-023 2.41e-024
2010 061 17 41 40 253109940 00 110 1.21e-012 1.21e-013
2010 061 17 41 40 253109940 01 110 8.23e-013 8.23e-014
2010 061 17 41 40 253109940 02 110 5.60e-013 5.60e-014
2010 061 17 41 40 253109940 03 110 3.84e-013 3.84e-014
2010 061 17 41 40 253109940 04 110 3.13e-013 3.13e-014
2010 061 17 41 40 253109940 05 110 2.55e-013 2.55e-014
2010 061 17 41 40 253109940 06 110 2.04e-013 2.04e-014
2010 061 17 41 40 253109940 07 110 1.61e-013 1.61e-014
2010 061 17 41 40 253109940 08 110 1.23e-013 1.23e-014
2010 061 17 41 40 253109940 09 110 1.00e-013 1.00e-014
2010 061 17 41 40 253109940 10 110 8.79e-014 8.79e-015
2010 061 17 41 40 253109940 11 110 6.95e-014 6.95e-015
2010 061 17 41 40 253109940 12 110 5.55e-014 5.55e-015
2010 061 17 41 40 253109940 13 110 4.65e-014 4.65e-015
2010 061 17 41 40 253109940 14 110 3.67e-014 3.67e-015
2010 061 17 41 40 253109940 15 110 3.15e-014 3.15e-015
2010 061 17 41 40 253109940 16 110 2.94e-014 2.94e-015
2010 061 17 41 40 253109940 17 110 2.08e-014 2.08e-015
2010 061 17 41 40 253109940 18 110 1.60e-014 1.60e-015
2010 061 17 41 40 253109940 19 110 1.20e-014 1.20e-015
2010 061 17 41 40 253109940 20 110 8.62e-015 8.62e-016
2010 061 17 41 40 253109940 21 110 5.80e-015 5.80e-016
2010 061 17 41 40 253109940 22 110 3.74e-015 3.74e-016
2010 061 17 41 40 253109940 23 110 2.28e-015 2.28e-016
2010 061 17 41 40 253109940 24 110 1.21e-015 1.21e-016
2010 061 17 41 40 253109940 25 110 6.84e-016 6.84e-017
2010 061 17 41 40 253109940 26 110 3.64e-016 3.64e-017
2010 061 17 41 40 253109940 27 110 1.81e-016 1.81e-017
2010 061 17 41 40 253109940 28 110 8.61e-017 8.61e-018
2010 061 17 41 40 253109940 29 110 4.62e-017 4.62e-018
2010 061 17 41 40 253109940 30 110 2.35e-017 2.35e-018
2010 061 17 41 40 253109940 31 110 1.18e-017 1.18e-018
2010 061 17 41 40 253109940 32 110 7.13e-018 7.13e-019
2010 061 17 41 40 253109940 33 110 4.61e-018 4.61e-019
2010 061 17 41 40 253109940 34 110 2.60e-018 2.60e-019
2010 061 17 41 40 253109940 35 110 1.88e-018 1.88e-019
2010 061 17 41 40 253109940 36 110 8.50e-019 8.50e-020
2010 061 17 41 40 253109940 37 110 8.83e-019 8.83e-020
2010 061 17 41 40 253109940 38 110 7.03e-019 7.03e-020
2010 061 17 41 40 253109940 39 110 4.20e-019 4.20e-020
2010 061 17 41 40 253109940 40 110 3.12e-019 3.12e-020
2010 061 17 41 40 253109940 41 110 2.58e-019 2.58e-020
2010 061 17 41 40 253109940 42 110 1.98e-019 1.98e-020
2010 061 17 41 40 253109940 43 110 1.68e-019 1.68e-020
2010 061 17 41 40 253109940 44 110 1.16e-019 1.16e-020
2010 061 17 41 40 253109940 45 110 7.76e-020 7.76e-021
2010 061 17 41 40 253109940 46 110 5.44e-020 5.44e-021
2010 061 17 41 40 253109940 47 110 4.14e-020 4.14e-021
2010 061 17 41 40 253109940 48 110 3.06e-020 3.06e-021
2010 061 17 41 40 253109940 49 110 9.89e-021 9.89e-022
2010 061 17 41 40 253109940 50 110 4.82e-021 4.82e-022
2010 061 17 41 40 253109940 51 110 2.18e-021 2.18e-022
2010 061 17 41 40 253109940 52 110 9.36e-022 9.36e-023
2010 061 17 41 40 253109940 53 110 1.21e-021 1.21e-022
2010 061 17 41 40 253109940 54 110 1.57e-021 1.57e-022
2010 061 17 41 40 253109940 55 110 3.10e-022 3.10e-023
2010 061 17 41 40 253109940 56 110 1.77e-022 1.77e-023
2010 061 17 41 40 253109940 57 110 1.01e-022 1.01e-023
2010 061 17 41 40 253109940 58 110 1.28e-022 1.28e-023
2010 061 17 41 40 253109940 59 110       NaN       NaN
2010 061 17 41 40 253109940 60 110       NaN       NaN
2010 061 17 41 40 253109940 61 110       NaN       NaN
2010 061 17 41 40 253109940 62 110 2.75e-023 2.75e-024
2010 061 17 41 40 253109940 00 130 1.34e-012 1.34e-013
2010 061 17 41 40 253109940 01 130 9.06e-013 9.06e-014
2010 061 17 41 40 253109940 02 130 6.14e-013 6.14e-014
2010 061 17 41 40 253109940 03 130 4.18e-013 4.18e-014
2010 061 17 41 40 253109940 04 130 3.08e-013 3.08e-014
2010 061 17 41 40 253109940 05 130 2.26e-013 2.26e-014
2010 061 17 41 40 253109940 06 130 1.77e-013 1.77e-014
2010 061 17 41 40 253109940 07 130 1.46e-013 1.46e-014
2010 061 17 41 40 253109940 08 130 1.19e-013 1.19e-014
2010 061 17 41 40 253109940 09 130 9.51e-014 9.51e-015
2010 061 17 41 40 253109940 10 130 7.57e-014 7.57e-015
2010 061 17 41 40 253109940 11 130 6.72e-014 6.72e-015
2010 061 17 41 40 253109940 12 130 5.57e-014 5.57e-015
2010 061 17 41 40 253109940 13 130 4.52e-014 4.52e-015
2010 061 17 41 40 253109940 14 130 3.56e-014 3.56e-015
2010 061 17 41 40 253109940 15 130 2.74e-014 2.74e-015
2010 061 17 41 40 253109940 16 130 2.17e-014 2.17e-015
2010 061 17 41 40 253109940 17 130 1.96e-014 1.96e-015
2010 061 17 41 40 253109940 18 130 1.60e-014 1.60e-015
2010 061 17 41 40 253109940 19 130 1.42e-014 1.42e-015
2010 061 17 41 40 253109940 20 130 1.12e-014 1.12e-015
2010 061 17 41 40 253109940 21 130 1.02e-014 1.02e-015
2010 061 17 41 40 253109940 22 130 9.39e-015 9.39e-016
2010 061 17 41 40 253109940 23 130 5.82e-015 5.82e-016
2010 061 17 41 40 253109940 24 130 3.50e-015 3.50e-016
2010 061 17 41 40 253109940 25 130 1.56e-015 1.56e-016
2010 061 17 41 40 253109940 26 130 5.11e-016 5.11e-017
2010 061 17 41 40 253109940 27 130 1.54e-016 1.54e-017
2010 061 17 41 40 253109940 28 130 5.71e-017 5.71e-018
2010 061 17 41 40 253109940 29 130 2.18e-017 2.18e-018
2010 061 17 41 40 253109940 30 130 9.35e-018 9.35e-019
2010 061 17 41 40 253109940 31 130 4.82e-018 4.82e-019
2010 061 17 41 40 253109940 32 130 2.01e-018 2.01e-019
2010 061 17 41 40 253109940 33 130 1.39e-018 1.39e-019
2010 061 17 41 40 253109940 34 130 6.15e-019 6.15e-020
2010 061 17 41 40 253109940 35 130 4.67e-019 4.67e-020
2010 061 17 41 40 253109940 36 130 4.04e-019 4.04e-020
2010 061 17 41 40 253109940 37 130 1.77e-019 1.77e-020
2010 061 17 41 40 253109940 38 130 1.60e-019 1.60e-020
2010 061 17 41 40 253109940 39 130 1.25e-019 1.25e-020
2010 061 17 41 40 253109940 40 130 6.04e-020 6.04e-021
2010 061 17 41 40 253109940 41 130 2.87e-020 2.87e-021
2010 061 17 41 40 253109940 42 130 4.76e-020 4.76e-021
2010 061 17 41 40 253109940 43 130 3.51e-020 3.51e-021
2010 061 17 41 40 253109940 44 130 1.23e-020 1.23e-021
2010 061 17 41 40 253109940 45 130 1.63e-020 1.63e-021
2010 061 17 41 40 253109940 46 130 1.62e-020 1.62e-021
2010 061 17 41 40 253109940 47 130 1.11e-020 1.11e-021
2010 061 17 41 40 253109940 48 130 8.33e-021 8.33e-022
2010 061 17 41 40 253109940 49 130 3.81e-021 3.81e-022
2010 061 17 41 40 253109940 50 130 2.82e-021 2.82e-022
2010 061 17 41 40 253109940 51 130 2.07e-021 2.07e-022
2010 061 17 41 40 253109940 52 130 1.98e-021 1.98e-022
2010 061 17 41 40 253109940 53 130 7.43e-022 7.43e-023
2010 061 17 41 40 253109940 54 130 4.39e-022 4.39e-023
2010 061 17 41 40 253109940 55 130 3.24e-022 3.24e-023
2010 061 17 41 40 253109940 56 130 3.30e-022 3.30e-023
2010 061 17 41 40 253109940 57 130 1.35e-022 1.35e-023
2010 061 17 41 40 253109940 58 130 8.23e-023 8.23e-024
2010 061 17 41 40 253109940 59 130 6.38e-023 6.38e-024
2010 061 17 41 40 253109940 60 130 4.97e-023 4.97e-024
2010 061 17 41 40 253109940 61 130       NaN       NaN
2010 061 17 41 40 253109940 62 130 6.23e-023 6.23e-024
2010 061 17 41 40 253109940 00 149 1.04e-012 1.04e-013
2010 061 17 41 40 253109940 01 149 7.26e-013 7.26e-014
2010 061 17 41 40 253109940 02 149 5.08e-013 5.08e-014
2010 061 17 41 40 253109940 03 149 3.57e-013 3.57e-014
2010 061 17 41 40 253109940 04 149 2.83e-013 2.83e-014
2010 061 17 41 40 253109940 05 149 2.24e-013 2.24e-014
2010 061 17 41 40 253109940 06 149 1.80e-013 1.80e-014
2010 061 17 41 40 253109940 07 149 1.45e-013 1.45e-014
2010 061 17 41 40 253109940 08 149 1.09e-013 1.09e-014
2010 061 17 41 40 253109940 09 149 8.14e-014 8.14e-015
2010 061 17 41 40 253109940 10 149 6.08e-014 6.08e-015
2010 061 17 41 40 253109940 11 149 4.79e-014 4.79e-015
2010 061 17 41 40 253109940 12 149 4.03e-014 4.03e-015
2010 061 17 41 40 253109940 13 149 3.43e-014 3.43e-015
2010 061 17 41 40 253109940 14 149 2.93e-014 2.93e-015
2010 061 17 41 40 253109940 15 149 2.40e-014 2.40e-015
2010 061 17 41 40 253109940 16 149 1.99e-014 1.99e-015
2010 061 17 41 40 253109940 17 149 1.92e-014 1.92e-015
2010 061 17 41 40 253109940 18 149 1.58e-014 1.58e-015
2010 061 17 41 40 253109940 19 149 1.33e-014 1.33e-015
2010 061 17 41 40 253109940 20 149 1.35e-014 1.35e-015
2010 061 17 41 40 253109940 21 149 1.43e-014 1.43e-015
2010 061 17 41 40 253109940 22 149 1.14e-014 1.14e-015
2010 061 17 41 40 253109940 23 149 8.55e-015 8.55e-016
2010 061 17 41 40 253109940 24 149 5.35e-015 5.35e-016
2010 061 17 41 40 253109940 25 149 2.21e-015 2.21e-016
2010 061 17 41 40 253109940 26 149 7.38e-016 7.38e-017
2010 061 17 41 40 253109940 27 149 2.32e-016 2.32e-017
2010 061 17 41 40 253109940 28 149 7.60e-017 7.60e-018
2010 061 17 41 40 253109940 29 149 4.05e-017 4.05e-018
2010 061 17 41 40 253109940 30 149 2.29e-017 2.29e-018
2010 061 17 41 40 253109940 31 149 1.19e-017 1.19e-018
2010 061 17 41 40 253109940 32 149 5.87e-018 5.87e-019
2010 061 17 41 40 253109940 33 149 1.76e-018 1.76e-019
2010 061 17 41 40 253109940 34 149 1.31e-018 1.31e-019
2010 061 17 41 40 253109940 35 149 7.09e-019 7.09e-020
2010 061 17 41 40 253109940 36 149 3.98e-019 3.98e-020
2010 061 17 41 40 253109940 37 149 2.71e-019 2.71e-020
2010 061 17 41 40 253109940 38 149 1.30e-019 1.30e-020
2010 061 17 41 40 253109940 39 149 9.17e-020 9.17e-021
2010 061 17 41 40 253109940 40 149 5.62e-020 5.62e-021
2010 061 17 41 40 253109940 41 149 4.17e-020 4.17e-021
2010 061 17 41 40 253109940 42 149 3.10e-020 3.10e-021
2010 061 17 41 40 253109940 43 149 2.92e-020 2.92e-021
2010 061 17 41 40 253109940 44 149 2.97e-020 2.97e-021
2010 061 17 41 40 253109940 45 149 1.47e-020 1.47e-021
2010 061 17 41 40 253109940 46 149 1.02e-020 1.02e-021
2010 061 17 41 40 253109940 47 149 7.92e-021 7.92e-022
2010 061 17 41 40 253109940 48 149 7.25e-021 7.25e-022
2010 061 17 41 40 253109940 49 149 3.56e-021 3.56e-022
2010 061 17 41 40 253109940 50 149 1.33e-021 1.33e-022
2010 061 17 41 40 253109940 51 149 8.54e-022 8.54e-023
2010 061 17 41 40 253109940 52 149 1.62e-021 1.62e-022
2010 061 17 41 40 253109940 53 149 7.67e-022 7.67e-023
2010 061 17 41 40 253109940 54 149 4.55e-022 4.55e-023
2010 061 17 41 40 253109940 55 149 3.38e-022 3.38e-023
2010 061 17 41 40 253109940 56 149 4.40e-022 4.40e-023
2010 061 17 41 40 253109940 57 149       NaN       NaN
2010 061 17 41 40 253109940 58 149 8.28e-023 8.28e-024
2010 061 17 41 40 253109940 59 149 1.20e-022 1.20e-023
2010 061 17 41 40 253109940 60 149 1.09e-022 1.09e-023
2010 061 17 41 40 253109940 61 149 4.58e-023 4.58e-024
2010 061 17 41 40 253109940 62 149       NaN       NaN
2010 061 17 41 40 253109940 00 166 1.55e-012 1.55e-013
2010 061 17 41 40 253109940 01 166 1.07e-012 1.07e-013
2010 061 17 41 40 253109940 02 166 7.37e-013 7.37e-014
2010 061 17 41 40 253109940 03 166 5.09e-013 5.09e-014
2010 061 17 41 40 253109940 04 166 3.50e-013 3.50e-014
2010 061 17 41 40 253109940 05 166 2.42e-013 2.42e-014
2010 061 17 41 40 253109940 06 166 1.88e-013 1.88e-014
2010 061 17 41 40 253109940 07 166 1.61e-013 1.61e-014
2010 061 17 41 40 253109940 08 166 1.25e-013 1.25e-014
2010 061 17 41 40 253109940 09 166 8.72e-014 8.72e-015
2010 061 17 41 40 253109940 10 166 6.14e-014 6.14e-015
2010 061 17 41 40 253109940 11 166 5.12e-014 5.12e-015
2010 061 17 41 40 253109940 12 166 4.11e-014 4.11e-015
2010 061 17 41 40 253109940 13 166 3.57e-014 3.57e-015
2010 061 17 41 40 253109940 14 166 2.91e-014 2.91e-015
2010 061 17 41 40 253109940 15 166 2.46e-014 2.46e-015
2010 061 17 41 40 253109940 16 166 2.13e-014 2.13e-015
2010 061 17 41 40 253109940 17 166 1.87e-014 1.87e-015
2010 061 17 41 40 253109940 18 166 1.69e-014 1.69e-015
2010 061 17 41 40 253109940 19 166 1.23e-014 1.23e-015
2010 061 17 41 40 253109940 20 166 1.10e-014 1.10e-015
2010 061 17 41 40 253109940 21 166 1.14e-014 1.14e-015
2010 061 17 41 40 253109940 22 166 7.79e-015 7.79e-016
2010 061 17 41 40 253109940 23 166 6.06e-015 6.06e-016
2010 061 17 41 40 253109940 24 166 4.34e-015 4.34e-016
2010 061 17 41 40 253109940 25 166 2.15e-015 2.15e-016
2010 061 17 41 40 253109940 26 166 7.98e-016 7.98e-017
2010 061 17 41 40 253109940 27 166 2.39e-016 2.39e-017
2010 061 17 41 40 253109940 28 166 8.87e-017 8.87e-018
2010 061 17 41 40 253109940 29 166 4.41e-017 4.41e-018
2010 061 17 41 40 253109940 30 166 2.48e-017 2.48e-018
2010 061 17 41 40 253109940 31 166 2.32e-017 2.32e-018
2010 061 17 41 40 253109940 32 166 8.98e-018 8.98e-019
2010 061 17 41 40 253109940 33 166 2.15e-018 2.15e-019
2010 061 17 41 40 253109940 34 166 1.17e-018 1.17e-019
2010 061 17 41 40 253109940 35 166 5.39e-019 5.39e-020
2010 061 17 41 40 253109940 36 166 4.00e-019 4.00e-020
2010 061 17 41 40 253109940 37 166 2.36e-019 2.36e-020
2010 061 17 41 40 253109940 38 166 2.88e-019 2.88e-020
2010 061 17 41 40 253109940 39 166 1.22e-019 1.22e-020
2010 061 17 41 40 253109940 40 166 6.72e-020 6.72e-021
2010 061 17 41 40 253109940 41 166 3.70e-020 3.70e-021
2010 061 17 41 40 253109940 42 166 3.16e-020 3.16e-021
2010 061 17 41 40 253109940 43 166 4.35e-020 4.35e-021
2010 061 17 41 40 253109940 44 166 2.92e-020 2.92e-021
2010 061 17 41 40 253109940 45 166 1.29e-020 1.29e-021
2010 061 17 41 40 253109940 46 166 1.71e-020 1.71e-021
2010 061 17 41 40 253109940 47 166 1.41e-020 1.41e-021
2010 061 17 41 40 253109940 48 166 6.82e-021 6.82e-022
2010 061 17 41 40 253109940 49 166 3.71e-021 3.71e-022
2010 061 17 41 40 253109940 50 166 9.72e-022 9.72e-023
2010 061 17 41 40 253109940 51 166 1.09e-021 1.09e-022
2010 061 17 41 40 253109940 52 166 6.99e-022 6.99e-023
2010 061 17 41 40 253109940 53 166 1.24e-021 1.24e-022
2010 061 17 41 40 253109940 54 166       NaN       NaN
2010 061 17 41 40 253109940 55 166 1.96e-022 1.96e-023
2010 061 17 41 40 253109940 56 166 1.70e-022 1.70e-023
2010 061 17 41 40 253109940 57 166       NaN       NaN
2010 061 17 41 40 253109940 58 166 9.71e-023 9.71e-024
2010 061 17 41 40 253109940 59 166 1.42e-022 1.42e-023
2010 061 17 41 40 253109940 60 166 7.16e-023 7.16e-024
2010 061 17 41 40 253109940 61 166       NaN       NaN
2010 061 17 41 40 253109940 62 166       NaN       NaN
