# Generated by Autoplot on Mon Oct 24 07:11:35 CDT 2011
# UNITS: R_E
#time(UTC), X (GSM), Y (GSM), Z (GSM)
2008-01-17T00:00:58.563Z, 5.8932, 2.3862, -4.782908916473389
2008-01-17T00:01:53.763Z, 5.8948, 2.3880, -4.765367031097412
2008-01-17T00:02:48.963Z, 5.8963, 2.3897, -4.74778938293457
2008-01-17T00:03:44.163Z, 5.8978, 2.3913, -4.730175971984863
2008-01-17T00:04:39.363Z, 5.8992, 2.3930, -4.712526798248291
2008-01-17T00:05:34.563Z, 5.9006, 2.3946, -4.694842338562012
2008-01-17T00:06:29.763Z, 5.9019, 2.3961, -4.677121639251709
2008-01-17T00:07:24.963Z, 5.9032, 2.3977, -4.659365653991699
2008-01-17T00:08:20.163Z, 5.9044, 2.3992, -4.641573905944824
2008-01-17T00:09:15.363Z, 5.9056, 2.4007, -4.623746395111084
2008-01-17T00:10:10.563Z, 5.9067, 2.4021, -4.605883598327637
2008-01-17T00:11:05.763Z, 5.9077, 2.4035, -4.587985515594482
2008-01-17T00:12:00.963Z, 5.9087, 2.4049, -4.570051670074463
2008-01-17T00:12:56.163Z, 5.9096, 2.4063, -4.552079200744629
2008-01-17T00:13:51.363Z, 5.9105, 2.4076, -4.53407096862793
2008-01-17T00:14:46.563Z, 5.9113, 2.4089, -4.516027450561523
2008-01-17T00:15:41.763Z, 5.9121, 2.4102, -4.497948169708252
2008-01-17T00:16:36.963Z, 5.9128, 2.4114, -4.479833602905273
2008-01-17T00:17:32.163Z, 5.9134, 2.4126, -4.461683750152588
2008-01-17T00:18:27.363Z, 5.9140, 2.4138, -4.443498611450195
2008-01-17T00:19:22.563Z, 5.9145, 2.4150, -4.4252777099609375
2008-01-17T00:20:17.763Z, 5.9150, 2.4161, -4.407021522521973
2008-01-17T00:22:08.163Z, 5.9158, 2.4183, -4.37040376663208
2008-01-17T00:23:03.363Z, 5.9161, 2.4193, -4.352041721343994
2008-01-17T00:23:58.563Z, 5.9163, 2.4203, -4.333643436431885
2008-01-17T00:24:53.763Z, 5.9165, 2.4213, -4.315207481384277
2008-01-17T00:25:48.963Z, 5.9166, 2.4222, -4.296736240386963
2008-01-17T00:26:44.163Z, 5.9166, 2.4231, -4.2782301902771
2008-01-17T00:27:39.363Z, 5.9166, 2.4240, -4.259688377380371
2008-01-17T00:28:34.563Z, 5.9166, 2.4249, -4.241111755371094
2008-01-17T00:29:29.763Z, 5.9165, 2.4257, -4.222499847412109
2008-01-17T00:30:24.963Z, 5.9163, 2.4265, -4.203852653503418
2008-01-17T00:31:20.163Z, 5.9160, 2.4273, -4.185170650482178
2008-01-17T00:32:15.363Z, 5.9157, 2.4281, -4.166452884674072
2008-01-17T00:33:10.563Z, 5.9154, 2.4288, -4.147700309753418
2008-01-17T00:34:05.763Z, 5.9149, 2.4295, -4.128912925720215
2008-01-17T00:35:00.963Z, 5.9144, 2.4301, -4.110090255737305
2008-01-17T00:35:56.163Z, 5.9139, 2.4308, -4.091229438781738
2008-01-17T00:36:51.363Z, 5.9133, 2.4314, -4.072333335876465
2008-01-17T00:37:46.563Z, 5.9126, 2.4320, -4.053401947021484
2008-01-17T00:38:41.763Z, 5.9118, 2.4325, -4.034435749053955
2008-01-17T00:39:36.963Z, 5.9110, 2.4330, -4.015434265136719
2008-01-17T00:40:32.163Z, 5.9102, 2.4335, -3.9963977336883545
2008-01-17T00:41:27.363Z, 5.9092, 2.4340, -3.9773263931274414
2008-01-17T00:42:22.563Z, 5.9082, 2.4344, -3.9582200050354004
2008-01-17T00:43:17.763Z, 5.9072, 2.4349, -3.9390785694122314
2008-01-17T00:44:12.963Z, 5.9060, 2.4352, -3.9199020862579346
2008-01-17T00:45:08.163Z, 5.9049, 2.4356, -3.900690793991089
2008-01-17T00:46:03.363Z, 5.9036, 2.4359, -3.8814444541931152
2008-01-17T00:46:58.563Z, 5.9023, 2.4363, -3.8621621131896973
2008-01-17T00:47:53.763Z, 5.9009, 2.4365, -3.8428425788879395
2008-01-17T00:48:48.963Z, 5.8994, 2.4368, -3.8234879970550537
2008-01-17T00:49:44.163Z, 5.8979, 2.4370, -3.804098606109619
2008-01-17T00:50:39.363Z, 5.8963, 2.4372, -3.7846744060516357
2008-01-17T00:51:34.563Z, 5.8947, 2.4374, -3.7652151584625244
2008-01-17T00:52:29.763Z, 5.8930, 2.4375, -3.7457211017608643
2008-01-17T00:53:24.963Z, 5.8912, 2.4377, -3.7261922359466553
2008-01-17T00:54:20.163Z, 5.8893, 2.4378, -3.7066283226013184
2008-01-17T00:55:15.363Z, 5.8874, 2.4378, -3.6870296001434326
2008-01-17T00:56:10.563Z, 5.8854, 2.4379, -3.667396306991577
2008-01-17T00:57:05.763Z, 5.8834, 2.4379, -3.6477279663085938
2008-01-17T00:58:00.963Z, 5.8812, 2.4379, -3.6280248165130615
2008-01-17T00:58:56.163Z, 5.8791, 2.4379, -3.6082839965820312
2008-01-17T00:59:51.363Z, 5.8768, 2.4378, -3.588508129119873
2008-01-17T01:00:46.563Z, 5.8744, 2.4377, -3.568697214126587
2008-01-17T01:01:41.763Z, 5.8720, 2.4376, -3.548851490020752
2008-01-17T01:02:36.963Z, 5.8696, 2.4375, -3.528970956802368
2008-01-17T01:03:32.163Z, 5.8670, 2.4373, -3.5090558528900146
2008-01-17T01:04:27.363Z, 5.8644, 2.4371, -3.4891059398651123
2008-01-17T01:05:22.563Z, 5.8617, 2.4369, -3.469121217727661
2008-01-17T01:06:17.763Z, 5.8590, 2.4367, -3.4491019248962402
2008-01-17T01:07:12.963Z, 5.8561, 2.4364, -3.4290478229522705
2008-01-17T01:08:08.163Z, 5.8532, 2.4361, -3.408958911895752
2008-01-17T01:09:03.363Z, 5.8503, 2.4358, -3.3888354301452637
2008-01-17T01:09:58.563Z, 5.8472, 2.4355, -3.36867618560791
2008-01-17T01:10:53.763Z, 5.8441, 2.4351, -3.348480224609375
2008-01-17T01:11:48.963Z, 5.8409, 2.4347, -3.328249216079712
2008-01-17T01:12:44.163Z, 5.8376, 2.4343, -3.307983875274658
2008-01-17T01:13:39.363Z, 5.8343, 2.4339, -3.2876837253570557
2008-01-17T01:14:34.563Z, 5.8309, 2.4334, -3.2673490047454834
2008-01-17T01:15:29.763Z, 5.8274, 2.4330, -3.2469797134399414
2008-01-17T01:16:24.963Z, 5.8238, 2.4325, -3.2265758514404297
2008-01-17T01:17:20.163Z, 5.8202, 2.4319, -3.206137180328369
2008-01-17T01:18:15.363Z, 5.8164, 2.4314, -3.185664176940918
2008-01-17T01:19:10.563Z, 5.8126, 2.4308, -3.165156602859497
2008-01-17T01:20:05.763Z, 5.8088, 2.4302, -3.1446144580841064
2008-01-17T01:21:00.963Z, 5.8048, 2.4296, -3.124037742614746
2008-01-17T01:21:56.163Z, 5.8008, 2.4289, -3.103423833847046
2008-01-17T01:22:51.363Z, 5.7967, 2.4282, -3.0827748775482178
2008-01-17T01:23:46.563Z, 5.7925, 2.4275, -3.062091588973999
2008-01-17T01:24:41.763Z, 5.7882, 2.4268, -3.0413737297058105
2008-01-17T01:25:36.963Z, 5.7839, 2.4261, -3.0206212997436523
2008-01-17T01:26:32.163Z, 5.7795, 2.4253, -2.9998345375061035
2008-01-17T01:27:27.363Z, 5.7750, 2.4245, -2.979013442993164
2008-01-17T01:28:22.563Z, 5.7704, 2.4237, -2.958158016204834
2008-01-17T01:29:17.763Z, 5.7657, 2.4229, -2.937268018722534
2008-01-17T01:30:12.963Z, 5.7610, 2.4220, -2.9163436889648438
2008-01-17T01:31:08.163Z, 5.7562, 2.4211, -2.895385265350342
2008-01-17T01:32:03.363Z, 5.7513, 2.4202, -2.87439227104187
2008-01-17T01:32:58.563Z, 5.7463, 2.4193, -2.8533642292022705
2008-01-17T01:33:53.763Z, 5.7412, 2.4183, -2.8322997093200684
2008-01-17T01:34:48.963Z, 5.7361, 2.4173, -2.8112006187438965
2008-01-17T01:35:44.162Z, 5.7309, 2.4163, -2.7900679111480713
2008-01-17T01:36:39.362Z, 5.7255, 2.4153, -2.7689008712768555
2008-01-17T01:37:34.562Z, 5.7201, 2.4143, -2.74769926071167
2008-01-17T01:38:29.762Z, 5.7146, 2.4132, -2.726463794708252
2008-01-17T01:39:24.962Z, 5.7091, 2.4121, -2.7051942348480225
2008-01-17T01:40:20.162Z, 5.7034, 2.4110, -2.6838905811309814
2008-01-17T01:41:15.362Z, 5.6977, 2.4098, -2.662552833557129
2008-01-17T01:42:10.562Z, 5.6919, 2.4087, -2.641180992126465
2008-01-17T01:43:05.762Z, 5.6859, 2.4075, -2.6197752952575684
2008-01-17T01:44:00.962Z, 5.6799, 2.4063, -2.5983357429504395
2008-01-17T01:44:56.162Z, 5.6739, 2.4050, -2.576859474182129
2008-01-17T01:45:51.362Z, 5.6677, 2.4038, -2.5553488731384277
2008-01-17T01:46:46.562Z, 5.6614, 2.4025, -2.533804416656494
2008-01-17T01:47:41.762Z, 5.6551, 2.4012, -2.512226104736328
2008-01-17T01:48:36.962Z, 5.6486, 2.3999, -2.4906139373779297
2008-01-17T01:49:32.162Z, 5.6421, 2.3985, -2.468968391418457
2008-01-17T01:50:27.362Z, 5.6354, 2.3972, -2.447288751602173
2008-01-17T01:51:22.562Z, 5.6287, 2.3958, -2.4255757331848145
2008-01-17T01:52:17.762Z, 5.6219, 2.3944, -2.4038290977478027
2008-01-17T01:53:12.962Z, 5.6150, 2.3929, -2.382049083709717
2008-01-17T01:54:08.162Z, 5.6080, 2.3915, -2.3602352142333984
2008-01-17T01:55:03.362Z, 5.6010, 2.3900, -2.338388204574585
2008-01-17T01:55:58.562Z, 5.5938, 2.3885, -2.3165066242218018
2008-01-17T01:56:53.762Z, 5.5865, 2.3870, -2.2945897579193115
2008-01-17T01:57:48.962Z, 5.5791, 2.3854, -2.272639274597168
2008-01-17T01:58:44.162Z, 5.5717, 2.3838, -2.2506558895111084
2008-01-17T01:59:39.362Z, 5.5641, 2.3822, -2.2286391258239746
2008-01-17T02:00:34.562Z, 5.5565, 2.3806, -2.2065892219543457
2008-01-17T02:01:29.762Z, 5.5487, 2.3790, -2.184506416320801
2008-01-17T02:02:24.962Z, 5.5409, 2.3773, -2.1623904705047607
2008-01-17T02:03:20.162Z, 5.5329, 2.3756, -2.140241861343384
2008-01-17T02:04:15.362Z, 5.5249, 2.3739, -2.1180601119995117
2008-01-17T02:05:10.562Z, 5.5168, 2.3722, -2.0958456993103027
2008-01-17T02:06:05.762Z, 5.5085, 2.3704, -2.073598623275757
2008-01-17T02:07:00.962Z, 5.5002, 2.3687, -2.051318645477295
2008-01-17T02:07:56.162Z, 5.4918, 2.3669, -2.029003858566284
2008-01-17T02:08:51.362Z, 5.4832, 2.3650, -2.0066559314727783
2008-01-17T02:09:46.562Z, 5.4746, 2.3632, -1.9842755794525146
2008-01-17T02:10:41.762Z, 5.4658, 2.3613, -1.9618629217147827
2008-01-17T02:11:36.962Z, 5.4570, 2.3594, -1.9394179582595825
2008-01-17T02:12:32.162Z, 5.4480, 2.3575, -1.9169409275054932
2008-01-17T02:13:27.362Z, 5.4390, 2.3556, -1.8944318294525146
2008-01-17T02:14:22.562Z, 5.4298, 2.3536, -1.871890664100647
2008-01-17T02:15:17.762Z, 5.4206, 2.3516, -1.8493176698684692
2008-01-17T02:16:12.962Z, 5.4112, 2.3496, -1.826712965965271
2008-01-17T02:17:08.162Z, 5.4017, 2.3476, -1.8040765523910522
2008-01-17T02:18:03.362Z, 5.3922, 2.3455, -1.7814085483551025
2008-01-17T02:18:58.562Z, 5.3825, 2.3434, -1.7587082386016846
2008-01-17T02:19:53.762Z, 5.3727, 2.3413, -1.7359744310379028
2008-01-17T02:20:48.962Z, 5.3628, 2.3392, -1.7132095098495483
2008-01-17T02:21:44.162Z, 5.3527, 2.3371, -1.6904133558273315
2008-01-17T02:22:39.362Z, 5.3426, 2.3349, -1.667586326599121
2008-01-17T02:23:34.562Z, 5.3324, 2.3327, -1.644728422164917
2008-01-17T02:24:29.762Z, 5.3220, 2.3304, -1.6218397617340088
2008-01-17T02:25:24.962Z, 5.3116, 2.3282, -1.598920464515686
2008-01-17T02:26:20.162Z, 5.3010, 2.3259, -1.5759707689285278
2008-01-17T02:27:15.362Z, 5.2903, 2.3236, -1.5529906749725342
2008-01-17T02:28:10.562Z, 5.2795, 2.3213, -1.5299804210662842
2008-01-17T02:29:05.762Z, 5.2686, 2.3189, -1.5069401264190674
2008-01-17T02:30:00.962Z, 5.2576, 2.3166, -1.4838699102401733
2008-01-17T02:30:56.162Z, 5.2464, 2.3142, -1.4607677459716797
2008-01-17T02:31:51.362Z, 5.2352, 2.3117, -1.4376355409622192
2008-01-17T02:32:46.562Z, 5.2238, 2.3093, -1.4144738912582397
2008-01-17T02:33:41.762Z, 5.2123, 2.3068, -1.3912830352783203
2008-01-17T02:34:36.962Z, 5.2007, 2.3043, -1.3680630922317505
2008-01-17T02:35:32.162Z, 5.1889, 2.3018, -1.3448143005371094
2008-01-17T02:36:27.362Z, 5.1771, 2.2992, -1.321536898612976
2008-01-17T02:37:22.562Z, 5.1651, 2.2966, -1.2982310056686401
2008-01-17T02:38:17.762Z, 5.1530, 2.2940, -1.2748967409133911
2008-01-17T02:39:12.962Z, 5.1407, 2.2914, -1.2515344619750977
2008-01-17T02:40:08.162Z, 5.1284, 2.2887, -1.2281442880630493
2008-01-17T02:41:03.362Z, 5.1159, 2.2860, -1.2047263383865356
2008-01-17T02:41:58.562Z, 5.1033, 2.2833, -1.181280255317688
2008-01-17T02:42:53.762Z, 5.0906, 2.2805, -1.15780508518219
2008-01-17T02:43:48.962Z, 5.0777, 2.2778, -1.1343029737472534
2008-01-17T02:44:44.162Z, 5.0647, 2.2750, -1.1107741594314575
2008-01-17T02:45:39.362Z, 5.0516, 2.2721, -1.0872188806533813
2008-01-17T02:46:34.562Z, 5.0384, 2.2693, -1.0636372566223145
2008-01-17T02:47:29.762Z, 5.0250, 2.2664, -1.040029764175415
2008-01-17T02:48:24.962Z, 5.0115, 2.2634, -1.016396403312683
2008-01-17T02:49:20.162Z, 4.9978, 2.2605, -0.9927377104759216
2008-01-17T02:50:15.362Z, 4.9841, 2.2575, -0.9690538048744202
2008-01-17T02:51:10.562Z, 4.9702, 2.2545, -0.9453449845314026
2008-01-17T02:52:05.762Z, 4.9561, 2.2515, -0.9216116070747375
2008-01-17T02:53:00.962Z, 4.9420, 2.2484, -0.8978539109230042
2008-01-17T02:53:56.162Z, 4.9276, 2.2453, -0.874070405960083
2008-01-17T02:54:51.362Z, 4.9132, 2.2421, -0.8502628207206726
2008-01-17T02:55:46.562Z, 4.8986, 2.2390, -0.8264319896697998
2008-01-17T02:56:41.762Z, 4.8838, 2.2358, -0.8025782108306885
2008-01-17T02:57:36.962Z, 4.8690, 2.2325, -0.7787017822265625
2008-01-17T02:58:32.162Z, 4.8539, 2.2293, -0.7548031806945801
2008-01-17T02:59:27.362Z, 4.8388, 2.2260, -0.7308826446533203
2008-01-17T03:00:22.562Z, 4.8235, 2.2226, -0.7069405913352966
2008-01-17T03:01:17.762Z, 4.8080, 2.2193, -0.6829774379730225
2008-01-17T03:02:12.962Z, 4.7924, 2.2159, -0.6589935421943665
2008-01-17T03:03:08.162Z, 4.7767, 2.2124, -0.634989321231842
2008-01-17T03:04:03.362Z, 4.7608, 2.2089, -0.6109651923179626
2008-01-17T03:04:58.562Z, 4.7448, 2.2054, -0.5869210362434387
2008-01-17T03:05:53.762Z, 4.7286, 2.2019, -0.5628566145896912
2008-01-17T03:06:48.962Z, 4.7122, 2.1983, -0.5387736558914185
2008-01-17T03:07:44.162Z, 4.6957, 2.1947, -0.5146726965904236
2008-01-17T03:08:39.362Z, 4.6791, 2.1910, -0.49055418372154236
2008-01-17T03:09:34.562Z, 4.6623, 2.1873, -0.466418594121933
2008-01-17T03:10:29.762Z, 4.6453, 2.1836, -0.44226640462875366
2008-01-17T03:11:24.962Z, 4.6282, 2.1798, -0.41809818148612976
2008-01-17T03:12:20.162Z, 4.6109, 2.1760, -0.39391443133354187
2008-01-17T03:13:15.362Z, 4.5935, 2.1722, -0.36971572041511536
2008-01-17T03:14:10.562Z, 4.5759, 2.1683, -0.3455025851726532
2008-01-17T03:15:05.762Z, 4.5581, 2.1643, -0.32127562165260315
2008-01-17T03:16:00.962Z, 4.5402, 2.1604, -0.2970353960990906
2008-01-17T03:16:56.162Z, 4.5221, 2.1563, -0.2727816104888916
2008-01-17T03:17:51.362Z, 4.5038, 2.1523, -0.24851571023464203
2008-01-17T03:18:46.561Z, 4.4854, 2.1482, -0.22423899173736572
2008-01-17T03:19:41.761Z, 4.4668, 2.1440, -0.19995124638080597
2008-01-17T05:42:17.760Z, -1.1658929586410522, 0.0057968, 1.7905
2008-01-17T05:43:12.960Z, -1.2091991901397705, -0.02327336184680462, 1.7642
2008-01-17T05:44:08.160Z, -1.2519397735595703, -0.052376098930835724, 1.7371
2008-01-17T05:45:03.360Z, -1.2940974235534668, -0.08149925619363785, 1.7093
2008-01-17T05:45:58.560Z, -1.3356376886367798, -0.11063065379858017, 1.6806
2008-01-17T05:46:53.760Z, -1.3765194416046143, -0.13975657522678375, 1.6512
2008-01-17T05:47:48.960Z, -1.4167684316635132, -0.16886477172374725, 1.6211
2008-01-17T05:48:44.160Z, -1.4563711881637573, -0.197943776845932, 1.5903
2008-01-17T05:49:39.360Z, -1.4953155517578125, -0.22698234021663666, 1.5588
2008-01-17T05:50:34.560Z, -1.5335900783538818, -0.25596946477890015, 1.5267
2008-01-17T05:51:29.760Z, -1.571184515953064, -0.2848944365978241, 1.4939
2008-01-17T05:52:24.960Z, -1.6080896854400635, -0.3137468695640564, 1.4605
2008-01-17T05:53:20.160Z, -1.6442971229553223, -0.34251669049263, 1.4266
2008-01-17T05:54:15.360Z, -1.6797999143600464, -0.37119418382644653, 1.3920
2008-01-17T05:55:10.560Z, -1.7145918607711792, -0.39976996183395386, 1.3570
2008-01-17T05:56:05.760Z, -1.748667597770691, -0.42823508381843567, 1.3214
2008-01-17T05:57:00.960Z, -1.7820229530334473, -0.4565809369087219, 1.2853
2008-01-17T05:57:56.160Z, -1.8145995140075684, -0.4847888648509979, 1.2486
2008-01-17T05:58:51.360Z, -1.8464359045028687, -0.5128575563430786, 1.2116
2008-01-17T05:59:46.560Z, -1.8775451183319092, -0.5407821536064148, 1.1740
2008-01-17T06:00:41.760Z, -1.9079265594482422, -0.5685558915138245, 1.1361
2008-01-17T06:01:36.960Z, -1.937580943107605, -0.5961722135543823, 1.0978
2008-01-17T06:02:32.160Z, -1.966509461402893, -0.6236251592636108, 1.0591
2008-01-17T06:03:27.360Z, -1.9947141408920288, -0.6509090662002563, 1.0201
2008-01-17T06:04:22.560Z, -2.022197723388672, -0.6780187487602234, 0.98069
2008-01-17T06:05:17.760Z, -2.0489635467529297, -0.7049492597579956, 0.94101
2008-01-17T06:06:12.960Z, -2.0750155448913574, -0.7316962480545044, 0.90105
2008-01-17T06:07:08.160Z, -2.100358247756958, -0.7582554817199707, 0.86081
2008-01-17T06:08:03.360Z, -2.124997138977051, -0.7846232652664185, 0.82033
2008-01-17T06:08:58.560Z, -2.1489176750183105, -0.8107905983924866, 0.77961
2008-01-17T06:09:53.760Z, -2.17210054397583, -0.8367464542388916, 0.73866
2008-01-17T06:10:48.960Z, -2.194599151611328, -0.8625012040138245, 0.69752
2008-01-17T06:11:44.160Z, -2.2164204120635986, -0.8880525231361389, 0.65621
2008-01-17T06:12:39.360Z, -2.2375717163085938, -0.9133984446525574, 0.61473
2008-01-17T06:13:34.560Z, -2.2580606937408447, -0.9385372400283813, 0.57311
2008-01-17T06:14:29.760Z, -2.277894973754883, -0.9634674191474915, 0.53135
2008-01-17T06:15:24.960Z, -2.2970833778381348, -0.9881877303123474, 0.48949
2008-01-17T06:16:20.160Z, -2.315633535385132, -1.0126972198486328, 0.44752
2008-01-17T06:17:15.360Z, -2.333554744720459, -1.0369952917099, 0.40547
2008-01-17T06:18:10.560Z, -2.3508553504943848, -1.0610811710357666, 0.36334
2008-01-17T06:19:05.760Z, -2.367544174194336, -1.0849547386169434, 0.32115
2008-01-17T06:20:00.960Z, -2.3836302757263184, -1.1086158752441406, 0.27891
2008-01-17T06:20:56.160Z, -2.399078607559204, -1.1320483684539795, 0.23663
2008-01-17T06:21:51.360Z, -2.413933038711548, -1.1552647352218628, 0.19433
2008-01-17T06:24:36.960Z, -2.4550931453704834, -1.2236461639404297, 0.067393
2008-01-17T06:25:32.160Z, -2.467709541320801, -1.2460198402404785, 0.025099
2008-01-17T06:26:27.360Z, -2.4797897338867188, -1.2681849002838135, -0.01716914214193821
2008-01-17T06:27:22.560Z, -2.491342544555664, -1.2901424169540405, -0.05940358340740204
2008-01-17T06:28:17.760Z, -2.5023772716522217, -1.3118937015533447, -0.10159607976675034
2008-01-17T06:29:12.960Z, -2.5129032135009766, -1.3334397077560425, -0.14373886585235596
2008-01-17T06:30:08.160Z, -2.5229289531707764, -1.354781985282898, -0.18582454323768616
2008-01-17T06:31:03.360Z, -2.532463550567627, -1.3759218454360962, -0.22784607112407684
2008-01-17T06:31:58.560Z, -2.5415024757385254, -1.3968549966812134, -0.2697944939136505
2008-01-17T06:32:53.760Z, -2.5500376224517822, -1.417575716972351, -0.31165969371795654
2008-01-17T06:33:48.960Z, -2.558109760284424, -1.4380989074707031, -0.35344043374061584
2008-01-17T06:34:44.160Z, -2.565727710723877, -1.4584262371063232, -0.39513108134269714
2008-01-17T06:35:39.360Z, -2.572899341583252, -1.4785594940185547, -0.43672627210617065
2008-01-17T06:36:34.560Z, -2.5796334743499756, -1.498500108718872, -0.47822093963623047
2008-01-17T06:37:29.760Z, -2.5859382152557373, -1.5182501077651978, -0.5196102857589722
2008-01-17T06:38:24.960Z, -2.5918214321136475, -1.5378111600875854, -0.560889720916748
2008-01-17T06:39:20.160Z, -2.5972912311553955, -1.5571849346160889, -0.602055013179779
2008-01-17T06:40:15.360Z, -2.602355480194092, -1.5763734579086304, -0.6431021094322205
2008-01-17T06:41:10.560Z, -2.6070220470428467, -1.5953783988952637, -0.6840271353721619
2008-01-17T06:42:05.760Z, -2.611298084259033, -1.6142016649246216, -0.724826455116272
2008-01-17T06:43:00.960Z, -2.615191698074341, -1.6328450441360474, -0.7654967308044434
2008-01-17T06:43:56.160Z, -2.6186816692352295, -1.6512970924377441, -0.806024432182312
2008-01-17T06:44:51.360Z, -2.621797800064087, -1.6695698499679565, -0.846413791179657
2008-01-17T06:45:46.560Z, -2.624554395675659, -1.687668800354004, -0.8866645097732544
2008-01-17T06:46:41.759Z, -2.626958131790161, -1.7055953741073608, -0.9267733097076416
2008-01-17T06:47:36.959Z, -2.629016160964966, -1.7233519554138184, -0.9667392373085022
2008-01-17T06:48:32.159Z, -2.63073468208313, -1.7409402132034302, -1.0065593719482422
2008-01-17T06:49:27.359Z, -2.6321206092834473, -1.7583619356155396, -1.0462315082550049
2008-01-17T06:50:22.559Z, -2.6331803798675537, -1.7756187915802002, -1.0857536792755127
2008-01-17T06:51:17.759Z, -2.6339199542999268, -1.7927128076553345, -1.125124216079712
2008-01-17T06:52:12.959Z, -2.6343460083007812, -1.809645652770996, -1.1643413305282593
2008-01-17T06:53:08.159Z, -2.6344640254974365, -1.8264189958572388, -1.203403353691101
2008-01-17T06:54:03.359Z, -2.634280204772949, -1.8430348634719849, -1.2423090934753418
2008-01-17T06:54:58.559Z, -2.6337924003601074, -1.8594902753829956, -1.2810524702072144
2008-01-17T06:55:53.759Z, -2.63299560546875, -1.8757816553115845, -1.3196260929107666
2008-01-17T06:56:48.959Z, -2.631915330886841, -1.891920804977417, -1.3580394983291626
2008-01-17T06:57:44.159Z, -2.630557060241699, -1.907909631729126, -1.3962916135787964
2008-01-17T06:58:39.359Z, -2.6289260387420654, -1.9237496852874756, -1.4343817234039307
2008-01-17T06:59:34.559Z, -2.6270275115966797, -1.9394426345825195, -1.4723087549209595
2008-01-17T07:00:29.759Z, -2.624866485595703, -1.9549901485443115, -1.5100722312927246
2008-01-17T07:01:24.959Z, -2.622448205947876, -1.9703937768936157, -1.5476715564727783
2008-01-17T07:02:20.159Z, -2.6197774410247803, -1.9856549501419067, -1.5851058959960938
2008-01-17T07:03:15.359Z, -2.616858959197998, -2.0007755756378174, -1.6223750114440918
2008-01-17T07:04:10.559Z, -2.6136975288391113, -2.015756845474243, -1.6594784259796143
2008-01-17T07:05:05.759Z, -2.610297918319702, -2.0306005477905273, -1.696415901184082
2008-01-17T07:06:00.959Z, -2.6066644191741943, -2.0453078746795654, -1.733186960220337
2008-01-17T07:06:56.159Z, -2.6027846336364746, -2.059870481491089, -1.7697787284851074
2008-01-17T07:07:51.359Z, -2.5986764430999756, -2.0742974281311035, -1.806200623512268
2008-01-17T07:08:46.559Z, -2.594348192214966, -2.088593006134033, -1.8424557447433472
2008-01-17T07:09:41.759Z, -2.589804172515869, -2.1027581691741943, -1.8785439729690552
2008-01-17T07:10:36.959Z, -2.5850484371185303, -2.1167948246002197, -1.9144654273986816
2008-01-17T07:12:27.359Z, -2.574918031692505, -2.144486665725708, -1.98580801486969
2008-01-17T07:13:22.559Z, -2.5695507526397705, -2.15814471244812, -2.0212292671203613
2008-01-17T07:14:17.759Z, -2.5639870166778564, -2.1716794967651367, -2.0564842224121094
2008-01-17T07:15:12.959Z, -2.5582308769226074, -2.185091733932495, -2.0915729999542236
2008-01-17T07:16:08.159Z, -2.5522854328155518, -2.198383092880249, -2.126495838165283
2008-01-17T07:17:03.359Z, -2.546154499053955, -2.211554765701294, -2.161252975463867
2008-01-17T07:17:58.559Z, -2.5398361682891846, -2.224604368209839, -2.1958401203155518
2008-01-17T07:18:53.759Z, -2.53332781791687, -2.2375288009643555, -2.2302513122558594
2008-01-17T07:19:48.959Z, -2.526644468307495, -2.2503373622894287, -2.264497995376587
2008-01-17T07:20:44.159Z, -2.519789695739746, -2.263031005859375, -2.2985804080963135
2008-01-17T07:21:39.359Z, -2.512766122817993, -2.27561092376709, -2.3324990272521973
2008-01-17T07:22:34.559Z, -2.505577325820923, -2.2880783081054688, -2.3662545680999756
2008-01-17T07:23:29.759Z, -2.4982261657714844, -2.300433874130249, -2.3998472690582275
2008-01-17T07:24:24.959Z, -2.490715503692627, -2.3126790523529053, -2.4332776069641113
2008-01-17T07:25:20.159Z, -2.4830482006073, -2.324814558029175, -2.466546058654785
2008-01-17T07:26:15.359Z, -2.475227117538452, -2.336841583251953, -2.4996531009674072
2008-01-17T07:27:10.559Z, -2.467255115509033, -2.3487610816955566, -2.532599687576294
2008-01-17T07:28:05.759Z, -2.459135055541992, -2.360574245452881, -2.5653858184814453
2008-01-17T07:29:00.959Z, -2.45086932182312, -2.372281551361084, -2.5980124473571777
2008-01-17T07:29:56.159Z, -2.4424500465393066, -2.3838765621185303, -2.6304681301116943
2008-01-17T07:30:51.359Z, -2.4338879585266113, -2.3953659534454346, -2.662762403488159
2008-01-17T07:31:46.559Z, -2.4251887798309326, -2.406752824783325, -2.694898843765259
2008-01-17T07:32:41.759Z, -2.4163546562194824, -2.4180378913879395, -2.7268784046173096
2008-01-17T07:33:36.959Z, -2.4073877334594727, -2.429222345352173, -2.7587015628814697
2008-01-17T07:34:32.159Z, -2.3982908725738525, -2.4403064250946045, -2.7903687953948975
2008-01-17T07:35:27.359Z, -2.389066219329834, -2.451291561126709, -2.821881055831909
2008-01-17T07:36:22.559Z, -2.379715919494629, -2.4621784687042236, -2.853238821029663
2008-01-17T07:37:17.759Z, -2.370242118835449, -2.4729676246643066, -2.8844428062438965
2008-01-17T07:38:12.959Z, -2.360647201538086, -2.4836599826812744, -2.9154934883117676
2008-01-17T07:39:08.159Z, -2.350933313369751, -2.4942564964294434, -2.946392059326172
2008-01-17T07:40:03.359Z, -2.341102361679077, -2.504757881164551, -2.9771387577056885
2008-01-17T07:40:58.559Z, -2.331153154373169, -2.5151619911193848, -3.00773024559021
2008-01-17T07:41:53.759Z, -2.3210837841033936, -2.525466203689575, -3.038161277770996
2008-01-17T07:42:48.959Z, -2.310904026031494, -2.535677433013916, -3.0684430599212646
2008-01-17T07:43:44.159Z, -2.3006157875061035, -2.5457966327667236, -3.0985758304595947
2008-01-17T07:44:39.359Z, -2.2902204990386963, -2.5558242797851562, -3.128560781478882
2008-01-17T07:45:34.559Z, -2.2797205448150635, -2.565761089324951, -3.158398151397705
2008-01-17T07:46:29.759Z, -2.269117593765259, -2.5756077766418457, -3.188088893890381
2008-01-17T07:47:24.959Z, -2.258413314819336, -2.585364818572998, -3.2176339626312256
2008-01-17T07:48:20.159Z, -2.2476093769073486, -2.5950331687927246, -3.2470335960388184
2008-01-17T07:49:15.359Z, -2.2367076873779297, -2.6046130657196045, -3.2762889862060547
2008-01-17T07:50:10.559Z, -2.225710153579712, -2.614105463027954, -3.3054006099700928
2008-01-17T07:51:05.759Z, -2.214617967605591, -2.6235108375549316, -3.334368944168091
2008-01-17T07:52:00.959Z, -2.203433036804199, -2.632829427719116, -3.3631951808929443
2008-01-17T07:52:56.159Z, -2.192150115966797, -2.6420559883117676, -3.391869068145752
2008-01-17T07:53:51.359Z, -2.1807758808135986, -2.651195526123047, -3.4203996658325195
2008-01-17T07:54:46.559Z, -2.16931414604187, -2.660250425338745, -3.4487903118133545
2008-01-17T07:55:41.759Z, -2.157766103744507, -2.6692211627960205, -3.477041482925415
2008-01-17T07:56:36.959Z, -2.1461331844329834, -2.6781084537506104, -3.5051543712615967
2008-01-17T07:57:32.159Z, -2.1344168186187744, -2.6869125366210938, -3.5331292152404785
2008-01-17T07:58:27.359Z, -2.1226186752319336, -2.695633888244629, -3.560967206954956
2008-01-17T07:59:22.559Z, -2.1107397079467773, -2.7042734622955322, -3.5886685848236084
2008-01-17T08:00:17.759Z, -2.0987818241119385, -2.7128312587738037, -3.616234540939331
2008-01-17T08:01:12.959Z, -2.0867459774017334, -2.7213079929351807, -3.643665313720703
2008-01-17T08:02:08.159Z, -2.074633836746216, -2.7297041416168213, -3.67096209526062
2008-01-17T08:03:03.359Z, -2.062446355819702, -2.7380199432373047, -3.6981253623962402
2008-01-17T08:03:58.559Z, -2.050183057785034, -2.7462539672851562, -3.725152015686035
2008-01-17T08:04:53.759Z, -2.037842273712158, -2.7544033527374268, -3.752037763595581
2008-01-17T08:05:48.959Z, -2.02543044090271, -2.7624740600585938, -3.778792142868042
2008-01-17T08:06:44.159Z, -2.012948513031006, -2.7704663276672363, -3.8054163455963135
2008-01-17T08:07:39.359Z, -2.0003981590270996, -2.778380870819092, -3.8319103717803955
2008-01-17T08:08:34.559Z, -1.9877798557281494, -2.78621768951416, -3.8582754135131836
2008-01-17T08:09:29.759Z, -1.975095272064209, -2.7939774990081787, -3.884511947631836
2008-01-17T08:10:24.959Z, -1.9623453617095947, -2.8016605377197266, -3.91062068939209
2008-01-17T08:11:20.159Z, -1.9495313167572021, -2.809267282485962, -3.9366023540496826
2008-01-17T08:12:15.359Z, -1.9366540908813477, -2.816797971725464, -3.9624576568603516
2008-01-17T08:13:10.559Z, -1.9237148761749268, -2.8242533206939697, -3.988187313079834
2008-01-17T08:14:05.759Z, -1.9107147455215454, -2.8316330909729004, -4.013791561126709
2008-01-17T08:15:00.959Z, -1.8976545333862305, -2.8389382362365723, -4.039271831512451
2008-01-17T08:15:56.159Z, -1.8845311403274536, -2.846163272857666, -4.064619064331055
2008-01-17T08:16:51.359Z, -1.8713487386703491, -2.8533124923706055, -4.089840888977051
2008-01-17T08:17:46.559Z, -1.8581098318099976, -2.8603880405426025, -4.114940166473389
2008-01-17T08:18:41.759Z, -1.8448150157928467, -2.8673903942108154, -4.139918327331543
2008-01-17T08:19:36.959Z, -1.831465482711792, -2.874319314956665, -4.164775371551514
2008-01-17T08:20:32.159Z, -1.8180620670318604, -2.8811755180358887, -4.189511775970459
2008-01-17T08:21:27.359Z, -1.8046056032180786, -2.8879592418670654, -4.2141289710998535
2008-01-17T08:22:22.559Z, -1.7910971641540527, -2.8946707248687744, -4.238626956939697
2008-01-17T08:23:17.759Z, -1.7775375843048096, -2.901310443878174, -4.263006687164307
2008-01-17T08:24:12.959Z, -1.763927698135376, -2.9078783988952637, -4.28726863861084
2008-01-17T08:25:08.159Z, -1.7502684593200684, -2.914375066757202, -4.311413764953613
2008-01-17T08:26:03.359Z, -1.7365607023239136, -2.9208006858825684, -4.335442066192627
2008-01-17T08:26:58.559Z, -1.7228037118911743, -2.9271535873413086, -4.359351634979248
2008-01-17T08:27:53.759Z, -1.7089970111846924, -2.933431386947632, -4.383138179779053
2008-01-17T08:28:48.959Z, -1.6951442956924438, -2.93963885307312, -4.4068098068237305
2008-01-17T08:29:44.159Z, -1.6812463998794556, -2.9457764625549316, -4.430367946624756
2008-01-17T08:30:39.358Z, -1.667304515838623, -2.9518442153930664, -4.453812599182129
2008-01-17T08:31:34.558Z, -1.6533187627792358, -2.9578428268432617, -4.477144718170166
2008-01-17T08:32:29.758Z, -1.6392900943756104, -2.9637720584869385, -4.500364780426025
2008-01-17T08:33:24.958Z, -1.625219464302063, -2.969632625579834, -4.523473262786865
2008-01-17T08:34:20.158Z, -1.6111074686050415, -2.975424289703369, -4.546471118927002
2008-01-17T08:35:15.358Z, -1.5969548225402832, -2.981147527694702, -4.5693583488464355
2008-01-17T08:36:10.558Z, -1.582762360572815, -2.986802577972412, -4.592135906219482
2008-01-17T08:37:05.758Z, -1.5685306787490845, -2.992389678955078, -4.614804267883301
2008-01-17T08:38:00.958Z, -1.554260492324829, -2.9979088306427, -4.637364387512207
2008-01-17T08:38:56.158Z, -1.539949655532837, -3.0033555030822754, -4.659808158874512
2008-01-17T08:39:51.358Z, -1.5256010293960571, -3.0087335109710693, -4.68214225769043
2008-01-17T08:40:46.558Z, -1.511216163635254, -3.0140442848205566, -4.704370021820068
2008-01-17T08:41:41.758Z, -1.4967955350875854, -3.0192880630493164, -4.7264909744262695
2008-01-17T08:42:36.958Z, -1.4823397397994995, -3.024465322494507, -4.748507022857666
2008-01-17T08:43:32.158Z, -1.467849612236023, -3.029576063156128, -4.770417213439941
2008-01-17T08:44:27.358Z, -1.4533257484436035, -3.0346202850341797, -4.79222297668457
2008-01-17T08:45:22.558Z, -1.4387685060501099, -3.0395987033843994, -4.813925266265869
2008-01-17T08:46:17.758Z, -1.4241788387298584, -3.044510841369629, -4.8355231285095215
2008-01-17T08:47:12.958Z, -1.4095571041107178, -3.0493574142456055, -4.85701847076416
2008-01-17T08:48:08.158Z, -1.3949038982391357, -3.05413818359375, -4.878411769866943
2008-01-17T08:49:03.358Z, -1.3802199363708496, -3.0588538646698, -4.899702548980713
2008-01-17T08:49:58.558Z, -1.3655047416687012, -3.063502311706543, -4.920889377593994
2008-01-17T08:50:53.758Z, -1.3507580757141113, -3.0680811405181885, -4.9419684410095215
2008-01-17T08:51:48.958Z, -1.3359822034835815, -3.0725953578948975, -4.962946891784668
2008-01-17T08:52:44.158Z, -1.3211779594421387, -3.07704496383667, -4.983826160430908
2008-01-17T08:53:39.358Z, -1.3063457012176514, -3.0814297199249268, -5.004605770111084
2008-01-17T08:54:34.558Z, -1.291486144065857, -3.0857503414154053, -5.025286674499512
2008-01-17T08:55:29.758Z, -1.2765995264053345, -3.0900065898895264, -5.045868873596191
2008-01-17T08:56:24.958Z, -1.2616865634918213, -3.0941989421844482, -5.066353797912598
2008-01-17T08:57:20.158Z, -1.246747612953186, -3.098327159881592, -5.0867414474487305
2008-01-17T08:58:15.358Z, -1.231783390045166, -3.1023917198181152, -5.10703182220459
2008-01-17T08:59:10.558Z, -1.2167942523956299, -3.1063926219940186, -5.127225875854492
2008-01-17T09:00:05.758Z, -1.2017806768417358, -3.110330104827881, -5.147324562072754
2008-01-17T09:01:00.958Z, -1.186743140220642, -3.114204168319702, -5.167327404022217
2008-01-17T09:01:56.158Z, -1.1716804504394531, -3.1180100440979004, -5.187227725982666
2008-01-17T09:02:51.358Z, -1.1565943956375122, -3.1217520236968994, -5.207032203674316
2008-01-17T09:03:46.558Z, -1.1414859294891357, -3.1254308223724365, -5.226742744445801
2008-01-17T09:04:41.758Z, -1.126355528831482, -3.12904691696167, -5.246359825134277
2008-01-17T09:05:36.958Z, -1.1112035512924194, -3.1326003074645996, -5.265883922576904
2008-01-17T09:06:32.158Z, -1.0960304737091064, -3.136091470718384, -5.285315036773682
2008-01-17T09:07:27.358Z, -1.0808366537094116, -3.1395199298858643, -5.304654598236084
2008-01-17T09:08:22.558Z, -1.0656226873397827, -3.142886161804199, -5.323901653289795
2008-01-17T09:09:17.758Z, -1.0503889322280884, -3.1461904048919678, -5.343058109283447
2008-01-17T09:10:12.958Z, -1.0351357460021973, -3.149432420730591, -5.362123012542725
2008-01-17T09:11:08.158Z, -1.0198636054992676, -3.1526126861572266, -5.381097793579102
2008-01-17T09:12:03.358Z, -1.004572868347168, -3.155731201171875, -5.399982929229736
2008-01-17T09:12:58.558Z, -0.9892635345458984, -3.1587860584259033, -5.41877555847168
2008-01-17T09:13:53.758Z, -0.9739352464675903, -3.161775588989258, -5.437472820281982
2008-01-17T09:14:48.958Z, -0.9585896730422974, -3.164703369140625, -5.456081867218018
2008-01-17T09:15:44.158Z, -0.9432271718978882, -3.167570114135742, -5.474602222442627
2008-01-17T09:16:39.358Z, -0.927848219871521, -3.1703755855560303, -5.493035316467285
2008-01-17T09:17:34.558Z, -0.9124530553817749, -3.1731197834014893, -5.511380195617676
2008-01-17T09:18:29.758Z, -0.8970420956611633, -3.1758031845092773, -5.529638290405273
2008-01-17T09:19:24.958Z, -0.8816157579421997, -3.1784255504608154, -5.547810077667236
2008-01-17T09:20:20.158Z, -0.8661743998527527, -3.1809873580932617, -5.565895080566406
2008-01-17T09:21:15.358Z, -0.8507183194160461, -3.183488130569458, -5.5838942527771
2008-01-17T09:22:10.558Z, -0.8352478742599487, -3.1859285831451416, -5.601808071136475
2008-01-17T09:23:05.758Z, -0.8197634816169739, -3.1883084774017334, -5.619636535644531
2008-01-17T09:24:00.958Z, -0.8042653799057007, -3.1906280517578125, -5.637380123138428
2008-01-17T09:24:56.158Z, -0.788753092288971, -3.192882776260376, -5.655033111572266
2008-01-17T09:25:51.358Z, -0.7732275724411011, -3.1950762271881104, -5.672600269317627
2008-01-17T09:26:46.558Z, -0.7576895356178284, -3.197209596633911, -5.690083980560303
2008-01-17T09:27:41.758Z, -0.7421392202377319, -3.1992828845977783, -5.707484722137451
2008-01-17T09:28:36.958Z, -0.7265769839286804, -3.201296329498291, -5.724802017211914
2008-01-17T09:29:32.158Z, -0.7110031843185425, -3.203249931335449, -5.742037296295166
2008-01-17T09:30:27.358Z, -0.695418119430542, -3.205143928527832, -5.759190082550049
2008-01-17T09:31:22.558Z, -0.6798220872879028, -3.2069783210754395, -5.776261329650879
2008-01-17T09:32:17.758Z, -0.6642153263092041, -3.2087531089782715, -5.793251037597656
2008-01-17T09:33:12.958Z, -0.6485982537269592, -3.2104685306549072, -5.810159206390381
2008-01-17T09:34:08.158Z, -0.6329711675643921, -3.2121245861053467, -5.826987266540527
2008-01-17T09:35:03.358Z, -0.617334246635437, -3.213721513748169, -5.843734264373779
2008-01-17T09:35:58.558Z, -0.6016876697540283, -3.215257406234741, -5.86039924621582
2008-01-17T09:36:53.758Z, -0.5860313177108765, -3.2167303562164307, -5.876978874206543
2008-01-17T09:37:48.958Z, -0.5703661441802979, -3.218144416809082, -5.893478870391846
2008-01-17T09:38:44.158Z, -0.5546924471855164, -3.219499349594116, -5.909900188446045
2008-01-17T09:39:39.358Z, -0.5390104651451111, -3.2207956314086914, -5.926242828369141
2008-01-17T09:40:34.558Z, -0.5233204960823059, -3.2220332622528076, -5.942506790161133
2008-01-17T09:42:24.958Z, -0.49191775918006897, -3.224332332611084, -5.9748005867004395
2008-01-17T09:44:15.358Z, -0.4604862928390503, -3.226397752761841, -6.006783962249756
2008-01-17T09:45:10.558Z, -0.4447604715824127, -3.2273428440093994, -6.022660255432129
2008-01-17T09:46:05.758Z, -0.4290282428264618, -3.2282297611236572, -6.0384602546691895
2008-01-17T09:47:00.958Z, -0.4132899045944214, -3.229058265686035, -6.054183483123779
2008-01-17T09:47:56.158Z, -0.3975452482700348, -3.2298245429992676, -6.069825172424316
2008-01-17T09:49:46.558Z, -0.3660392463207245, -3.2311806678771973, -6.100878715515137
2008-01-17T09:50:41.758Z, -0.35027849674224854, -3.2317721843719482, -6.116292476654053
2008-01-17T09:51:36.958Z, -0.3345129191875458, -3.2323055267333984, -6.131631851196289
2008-01-17T09:52:32.158Z, -0.3187427222728729, -3.232781410217285, -6.1468963623046875
2008-01-17T09:53:27.358Z, -0.3029681444168091, -3.2331998348236084, -6.162086486816406
2008-01-17T09:54:22.558Z, -0.28718945384025574, -3.233560562133789, -6.1772027015686035
2008-01-17T09:55:17.758Z, -0.2714068591594696, -3.2338638305664062, -6.192245006561279
2008-01-17T09:56:12.958Z, -0.2556205689907074, -3.23410964012146, -6.20721435546875
2008-01-17T09:57:08.158Z, -0.2398308664560318, -3.2342982292175293, -6.222109794616699
2008-01-17T09:58:03.358Z, -0.22403791546821594, -3.234429359436035, -6.236932754516602
2008-01-17T09:58:58.558Z, -0.20824189484119415, -3.234502077102661, -6.251680850982666
2008-01-17T09:59:53.758Z, -0.19244293868541718, -3.234513759613037, -6.266351699829102
2008-01-17T10:00:48.958Z, -0.17664146423339844, -3.2344682216644287, -6.280950546264648
2008-01-17T10:01:44.158Z, -0.16083769500255585, -3.234365940093994, -6.295477390289307
2008-01-17T10:02:39.358Z, -0.14503182470798492, -3.2342069149017334, -6.309932231903076
2008-01-17T10:03:34.558Z, -0.12922406196594238, -3.2339909076690674, -6.324316024780273
2008-01-17T10:04:29.758Z, -0.11341463774442673, -3.2337183952331543, -6.338628768920898
2008-01-17T10:05:24.958Z, -0.09760374575853348, -3.233389139175415, -6.352870464324951
2008-01-17T10:06:20.158Z, -0.08179158717393875, -3.2330033779144287, -6.36704158782959
2008-01-17T10:07:15.358Z, -0.06597836315631866, -3.2325611114501953, -6.3811421394348145
2008-01-17T10:08:10.558Z, -0.05016427859663963, -3.232062339782715, -6.395172595977783
2008-01-17T10:09:05.758Z, -0.034349530935287476, -3.2315073013305664, -6.409132957458496
2008-01-17T10:10:00.958Z, -0.018534310162067413, -3.23089599609375, -6.423023700714111
2008-01-17T10:10:56.158Z, -0.0027188125532120466, -3.230224132537842, -6.436839580535889
2008-01-17T10:11:51.358Z, 0.013097, -3.2294952869415283, -6.450584888458252
2008-01-17T10:12:46.558Z, 0.028912, -3.228710174560547, -6.464261054992676
2008-01-17T10:13:41.758Z, 0.044727, -3.2278692722320557, -6.477868556976318
2008-01-17T10:14:36.957Z, 0.060541, -3.2269725799560547, -6.4914069175720215
2008-01-17T10:15:32.157Z, 0.076355, -3.226019859313965, -6.50487756729126
2008-01-17T10:16:27.357Z, 0.092168, -3.2250113487243652, -6.518279552459717
2008-01-17T10:17:22.557Z, 0.10798, -3.223947286605835, -6.531613826751709
2008-01-17T10:18:17.757Z, 0.12379, -3.222827672958374, -6.544880390167236
2008-01-17T10:19:12.957Z, 0.13960, -3.2216525077819824, -6.558079242706299
2008-01-17T10:20:08.157Z, 0.15541, -3.2204220294952393, -6.5712103843688965
2008-01-17T11:41:05.757Z, 1.5227, -2.9027493000030518, -7.479104042053223
2008-01-17T11:42:00.957Z, 1.5378, -2.8968846797943115, -7.486762523651123
2008-01-17T11:42:56.157Z, 1.5529, -2.8909690380096436, -7.494359016418457
2008-01-17T11:43:51.357Z, 1.5679, -2.885005474090576, -7.501897811889648
2008-01-17T11:44:46.557Z, 1.5830, -2.878994941711426, -7.5093793869018555
2008-01-17T11:45:41.757Z, 1.5981, -2.8729374408721924, -7.516804218292236
2008-01-17T11:46:36.957Z, 1.6131, -2.866832971572876, -7.524171829223633
2008-01-17T11:47:32.157Z, 1.6281, -2.8606817722320557, -7.531482696533203
2008-01-17T11:48:27.357Z, 1.6431, -2.8544840812683105, -7.538736820220947
2008-01-17T11:49:22.557Z, 1.6581, -2.8482398986816406, -7.545934200286865
2008-01-17T11:50:17.757Z, 1.6731, -2.841949462890625, -7.553074359893799
2008-01-17T11:51:12.957Z, 1.6881, -2.8356127738952637, -7.5601582527160645
2008-01-17T11:52:08.157Z, 1.7030, -2.8292298316955566, -7.567184925079346
2008-01-17T11:53:03.357Z, 1.7180, -2.822800874710083, -7.574155330657959
2008-01-17T11:53:58.557Z, 1.7329, -2.8163249492645264, -7.581067085266113
2008-01-17T11:54:53.757Z, 1.7478, -2.809799909591675, -7.587918758392334
2008-01-17T11:55:48.957Z, 1.7627, -2.803229570388794, -7.5947136878967285
2008-01-17T11:56:44.157Z, 1.7776, -2.7966134548187256, -7.601452350616455
2008-01-17T11:57:39.356Z, 1.7924, -2.789952278137207, -7.6081342697143555
2008-01-17T11:58:34.556Z, 1.8073, -2.78324556350708, -7.61475944519043
2008-01-17T11:59:29.756Z, 1.8221, -2.776494026184082, -7.621328353881836
2008-01-17T12:00:24.956Z, 1.8370, -2.7696971893310547, -7.627840995788574
2008-01-17T12:01:20.156Z, 1.8518, -2.7628555297851562, -7.634296894073486
2008-01-17T12:02:15.356Z, 1.8666, -2.755969285964966, -7.6406965255737305
2008-01-17T12:03:10.556Z, 1.8814, -2.7490382194519043, -7.647039413452148
2008-01-17T12:04:05.756Z, 1.8961, -2.74206280708313, -7.653326034545898
2008-01-17T12:05:00.956Z, 1.9109, -2.7350428104400635, -7.6595563888549805
2008-01-17T12:05:56.156Z, 1.9256, -2.727975368499756, -7.665726184844971
2008-01-17T12:06:51.356Z, 1.9403, -2.720863103866577, -7.671838760375977
2008-01-17T12:07:46.556Z, 1.9550, -2.7137067317962646, -7.677894592285156
2008-01-17T12:08:41.756Z, 1.9697, -2.7065064907073975, -7.683894157409668
2008-01-17T12:09:36.956Z, 1.9844, -2.6992626190185547, -7.689837455749512
2008-01-17T12:10:32.156Z, 1.9991, -2.6919751167297363, -7.695724964141846
2008-01-17T12:11:27.356Z, 2.0137, -2.6846442222595215, -7.7015557289123535
2008-01-17T12:12:22.556Z, 2.0283, -2.6772701740264893, -7.707330226898193
2008-01-17T12:13:17.756Z, 2.0429, -2.6698527336120605, -7.713048458099365
2008-01-17T12:14:12.956Z, 2.0575, -2.6623923778533936, -7.718710422515869
2008-01-17T12:15:08.156Z, 2.0721, -2.6548891067504883, -7.724316120147705
2008-01-17T12:16:03.356Z, 2.0867, -2.647343158721924, -7.729866027832031
2008-01-17T12:16:58.556Z, 2.1012, -2.6397533416748047, -7.735357761383057
2008-01-17T12:17:53.756Z, 2.1158, -2.632117986679077, -7.740789413452148
2008-01-17T12:18:48.956Z, 2.1303, -2.6244406700134277, -7.746164798736572
2008-01-17T12:19:44.156Z, 2.1448, -2.6167209148406982, -7.751484394073486
2008-01-17T12:20:39.356Z, 2.1593, -2.608959197998047, -7.756747245788574
2008-01-17T12:21:34.556Z, 2.1737, -2.6011555194854736, -7.761954307556152
2008-01-17T12:22:29.756Z, 2.1882, -2.5933101177215576, -7.7671051025390625
2008-01-17T12:23:24.956Z, 2.2026, -2.585422992706299, -7.772199630737305
2008-01-17T12:24:20.156Z, 2.2171, -2.5774946212768555, -7.777237892150879
2008-01-17T12:25:15.356Z, 2.2315, -2.5695247650146484, -7.782219886779785
2008-01-17T12:26:10.556Z, 2.2458, -2.561513662338257, -7.787145614624023
2008-01-17T12:27:05.756Z, 2.2602, -2.5534615516662598, -7.792015552520752
2008-01-17T12:28:00.956Z, 2.2746, -2.5453684329986572, -7.796828746795654
2008-01-17T12:28:56.156Z, 2.2889, -2.537231683731079, -7.801581382751465
2008-01-17T12:29:51.356Z, 2.3032, -2.5290534496307373, -7.806277275085449
2008-01-17T12:30:46.556Z, 2.3175, -2.5208346843719482, -7.810916423797607
2008-01-17T12:31:41.756Z, 2.3318, -2.512575626373291, -7.815499782562256
2008-01-17T12:32:36.956Z, 2.3461, -2.5042765140533447, -7.820026397705078
2008-01-17T12:33:32.156Z, 2.3603, -2.4959373474121094, -7.824497222900391
2008-01-17T12:34:27.356Z, 2.3745, -2.487558364868164, -7.828911304473877
2008-01-17T12:35:22.556Z, 2.3888, -2.479139566421509, -7.833269119262695
2008-01-17T12:36:17.756Z, 2.4030, -2.4706814289093018, -7.837571144104004
2008-01-17T12:37:12.956Z, 2.4171, -2.462183713912964, -7.841816425323486
2008-01-17T12:38:08.156Z, 2.4313, -2.4536468982696533, -7.846005439758301
2008-01-17T12:39:03.356Z, 2.4454, -2.445070743560791, -7.850138187408447
2008-01-17T12:39:58.556Z, 2.4596, -2.4364547729492188, -7.854213237762451
2008-01-17T12:40:53.756Z, 2.4737, -2.427797317504883, -7.858227729797363
2008-01-17T12:41:48.956Z, 2.4878, -2.4191012382507324, -7.862186431884766
2008-01-17T12:42:44.156Z, 2.5018, -2.4103667736053467, -7.866088390350342
2008-01-17T12:43:39.356Z, 2.5159, -2.4015941619873047, -7.869933605194092
2008-01-17T12:44:34.556Z, 2.5299, -2.3927831649780273, -7.873723030090332
2008-01-17T12:45:29.756Z, 2.5439, -2.383934259414673, -7.877455711364746
2008-01-17T12:46:24.956Z, 2.5579, -2.3750476837158203, -7.881131649017334
2008-01-17T12:47:20.156Z, 2.5719, -2.3661231994628906, -7.884751319885254
2008-01-17T12:48:15.356Z, 2.5859, -2.357161521911621, -7.888314723968506
2008-01-17T12:49:10.556Z, 2.5998, -2.3481621742248535, -7.891821384429932
2008-01-17T12:50:05.756Z, 2.6137, -2.339125871658325, -7.8952717781066895
2008-01-17T12:51:00.956Z, 2.6277, -2.330052375793457, -7.898665428161621
2008-01-17T12:51:56.156Z, 2.6415, -2.320939302444458, -7.901998519897461
2008-01-17T12:52:51.356Z, 2.6554, -2.311789035797119, -7.9052734375
2008-01-17T12:53:46.556Z, 2.6693, -2.3026020526885986, -7.908492088317871
2008-01-17T12:54:41.756Z, 2.6831, -2.2933788299560547, -7.911653995513916
2008-01-17T12:55:36.956Z, 2.6969, -2.2841193675994873, -7.914759159088135
2008-01-17T12:56:32.156Z, 2.7107, -2.2748239040374756, -7.917807579040527
2008-01-17T12:57:27.356Z, 2.7245, -2.2654926776885986, -7.920799732208252
2008-01-17T12:58:22.556Z, 2.7382, -2.2561256885528564, -7.923734664916992
2008-01-17T12:59:17.756Z, 2.7520, -2.246723175048828, -7.926612854003906
2008-01-17T13:00:12.956Z, 2.7657, -2.2372853755950928, -7.929434776306152
2008-01-17T13:01:08.156Z, 2.7794, -2.2278122901916504, -7.932199478149414
2008-01-17T13:02:03.356Z, 2.7931, -2.218304395675659, -7.93490743637085
2008-01-17T13:02:58.556Z, 2.8067, -2.2087604999542236, -7.937556743621826
2008-01-17T13:03:53.756Z, 2.8203, -2.1991798877716064, -7.940145492553711
2008-01-17T13:04:48.956Z, 2.8340, -2.1895647048950195, -7.9426774978637695
2008-01-17T13:05:44.156Z, 2.8476, -2.179915189743042, -7.945152282714844
2008-01-17T13:06:39.356Z, 2.8611, -2.170231580734253, -7.947570323944092
2008-01-17T13:07:34.556Z, 2.8747, -2.1605141162872314, -7.9499311447143555
2008-01-17T13:08:29.756Z, 2.8882, -2.1507627964019775, -7.952235221862793
2008-01-17T13:09:24.956Z, 2.9018, -2.1409778594970703, -7.954482078552246
2008-01-17T13:10:20.156Z, 2.9153, -2.131159543991089, -7.956672191619873
2008-01-17T13:11:15.356Z, 2.9287, -2.1213080883026123, -7.958804607391357
2008-01-17T13:12:10.556Z, 2.9422, -2.1114234924316406, -7.960880279541016
2008-01-17T13:13:05.756Z, 2.9556, -2.101505994796753, -7.9628987312316895
2008-01-17T13:14:00.956Z, 2.9691, -2.0915558338165283, -7.964859962463379
2008-01-17T13:14:56.156Z, 2.9825, -2.081570625305176, -7.966759204864502
2008-01-17T13:15:51.356Z, 2.9958, -2.0715527534484863, -7.968600273132324
2008-01-17T13:16:46.556Z, 3.0092, -2.061502456665039, -7.97038459777832
2008-01-17T13:17:41.756Z, 3.0225, -2.051420211791992, -7.972110748291016
2008-01-17T13:18:36.956Z, 3.0358, -2.041306257247925, -7.973780155181885
2008-01-17T13:19:32.156Z, 3.0491, -2.031160831451416, -7.975391864776611
2008-01-17T13:20:27.356Z, 3.0624, -2.020983934402466, -7.9769463539123535
2008-01-17T13:21:22.556Z, 3.0757, -2.0107758045196533, -7.978443145751953
2008-01-17T13:22:17.756Z, 3.0889, -2.0005366802215576, -7.97988224029541
2008-01-17T13:23:12.956Z, 3.1021, -1.9902665615081787, -7.981264114379883
2008-01-17T13:24:08.156Z, 3.1153, -1.9799658060073853, -7.982588291168213
2008-01-17T13:25:03.356Z, 3.1285, -1.9696346521377563, -7.983855247497559
2008-01-17T13:25:58.556Z, 3.1416, -1.9592722654342651, -7.985062599182129
2008-01-17T13:26:53.756Z, 3.1548, -1.9488779306411743, -7.986208438873291
2008-01-17T13:27:48.956Z, 3.1679, -1.9384535551071167, -7.9872965812683105
2008-01-17T13:28:44.156Z, 3.1809, -1.9279996156692505, -7.988326549530029
2008-01-17T13:29:39.356Z, 3.1940, -1.9175161123275757, -7.989299297332764
2008-01-17T13:30:34.556Z, 3.2071, -1.9070032835006714, -7.990213871002197
2008-01-17T13:31:29.756Z, 3.2201, -1.8964612483978271, -7.991070747375488
2008-01-17T13:32:24.956Z, 3.2331, -1.8858903646469116, -7.991869926452637
2008-01-17T13:33:20.156Z, 3.2460, -1.8752907514572144, -7.992610931396484
2008-01-17T13:34:15.356Z, 3.2590, -1.864662528038025, -7.9932942390441895
2008-01-17T13:35:10.556Z, 3.2719, -1.854006052017212, -7.993919372558594
2008-01-17T13:36:05.756Z, 3.2849, -1.8433213233947754, -7.994486331939697
2008-01-17T13:37:00.956Z, 3.2977, -1.8326085805892944, -7.9949951171875
2008-01-17T13:37:56.156Z, 3.3106, -1.8218660354614258, -7.995441436767578
2008-01-17T13:38:51.356Z, 3.3235, -1.8110954761505127, -7.995828628540039
2008-01-17T13:39:46.556Z, 3.3363, -1.800297498703003, -7.996157646179199
2008-01-17T13:40:41.756Z, 3.3491, -1.7894723415374756, -7.996428489685059
2008-01-17T13:41:36.956Z, 3.3619, -1.7786202430725098, -7.996641159057617
2008-01-17T13:42:32.155Z, 3.3746, -1.7677415609359741, -7.996795177459717
2008-01-17T13:43:27.355Z, 3.3874, -1.756836175918579, -7.996891021728516
2008-01-17T13:44:22.555Z, 3.4001, -1.7459043264389038, -7.9969282150268555
2008-01-17T13:45:17.755Z, 3.4128, -1.7349464893341064, -7.9969072341918945
2008-01-17T13:46:12.955Z, 3.4254, -1.7239625453948975, -7.996828079223633
2008-01-17T13:47:08.155Z, 3.4381, -1.7129528522491455, -7.996689796447754
2008-01-17T13:48:03.355Z, 3.4507, -1.7019176483154297, -7.996493339538574
2008-01-17T13:48:58.555Z, 3.4633, -1.6908563375473022, -7.996236801147461
2008-01-17T13:49:53.755Z, 3.4759, -1.6797682046890259, -7.995917320251465
2008-01-17T13:50:48.955Z, 3.4884, -1.6686551570892334, -7.995539665222168
2008-01-17T13:51:44.155Z, 3.5010, -1.657517433166504, -7.995102882385254
2008-01-17T13:52:39.355Z, 3.5135, -1.6463552713394165, -7.994607448577881
2008-01-17T13:53:34.555Z, 3.5260, -1.6351686716079712, -7.994053363800049
2008-01-17T13:54:29.755Z, 3.5384, -1.6239581108093262, -7.993440628051758
2008-01-17T13:55:24.955Z, 3.5509, -1.6127235889434814, -7.99276876449585
2008-01-17T13:56:20.155Z, 3.5633, -1.6014653444290161, -7.992038249969482
2008-01-17T13:57:15.355Z, 3.5757, -1.5901836156845093, -7.991248607635498
2008-01-17T13:58:10.555Z, 3.5880, -1.57887864112854, -7.9903998374938965
2008-01-17T13:59:05.755Z, 3.6004, -1.5675506591796875, -7.989492416381836
2008-01-17T14:00:00.955Z, 3.6127, -1.5561997890472412, -7.988525867462158
2008-01-17T14:00:56.155Z, 3.6250, -1.544824481010437, -7.9874958992004395
2008-01-17T14:01:51.355Z, 3.6373, -1.5334264039993286, -7.986405372619629
2008-01-17T14:02:46.555Z, 3.6495, -1.5220061540603638, -7.985255718231201
2008-01-17T14:03:41.755Z, 3.6618, -1.5105639696121216, -7.984046936035156
2008-01-17T14:04:36.955Z, 3.6740, -1.4990999698638916, -7.982779026031494
2008-01-17T14:05:32.155Z, 3.6861, -1.487614393234253, -7.981451511383057
2008-01-17T14:06:27.355Z, 3.6983, -1.4761074781417847, -7.980064868927002
2008-01-17T14:07:22.555Z, 3.7104, -1.464579463005066, -7.97861909866333
2008-01-17T14:08:17.755Z, 3.7225, -1.4530305862426758, -7.977113723754883
2008-01-17T14:09:12.955Z, 3.7346, -1.4414609670639038, -7.97554874420166
2008-01-17T14:10:08.155Z, 3.7467, -1.429870843887329, -7.97392463684082
2008-01-17T14:11:03.355Z, 3.7587, -1.4182604551315308, -7.972240924835205
2008-01-17T14:11:58.555Z, 3.7707, -1.4066294431686401, -7.970495700836182
2008-01-17T14:12:53.755Z, 3.7827, -1.394977331161499, -7.968687057495117
2008-01-17T14:13:48.955Z, 3.7947, -1.383305549621582, -7.9668192863464355
2008-01-17T14:14:44.155Z, 3.8066, -1.3716144561767578, -7.96489143371582
2008-01-17T14:15:39.355Z, 3.8185, -1.3599042892456055, -7.9629034996032715
2008-01-17T14:16:34.555Z, 3.8304, -1.348175048828125, -7.9608564376831055
2008-01-17T14:17:29.755Z, 3.8423, -1.3364272117614746, -7.958749294281006
2008-01-17T14:18:24.955Z, 3.8541, -1.3246608972549438, -7.956582546234131
2008-01-17T14:19:20.155Z, 3.8659, -1.3128762245178223, -7.954355716705322
2008-01-17T14:20:15.355Z, 3.8777, -1.3010735511779785, -7.952069282531738
2008-01-17T14:21:10.555Z, 3.8895, -1.2892529964447021, -7.949722766876221
2008-01-17T14:22:05.755Z, 3.9012, -1.2774147987365723, -7.9473161697387695
2008-01-17T14:23:00.955Z, 3.9130, -1.2655593156814575, -7.944849967956543
2008-01-17T14:23:56.155Z, 3.9246, -1.2536853551864624, -7.942318916320801
2008-01-17T14:24:51.355Z, 3.9363, -1.2417941093444824, -7.93972635269165
2008-01-17T14:25:46.555Z, 3.9479, -1.2298861742019653, -7.937074184417725
2008-01-17T14:26:41.755Z, 3.9596, -1.2179617881774902, -7.934361457824707
2008-01-17T14:27:36.955Z, 3.9711, -1.2060211896896362, -7.931589126586914
2008-01-17T14:28:32.155Z, 3.9827, -1.1940646171569824, -7.928756237030029
2008-01-17T14:29:27.355Z, 3.9942, -1.182092308998108, -7.925862789154053
2008-01-17T14:30:22.555Z, 4.0058, -1.1701042652130127, -7.922909736633301
2008-01-17T14:31:17.755Z, 4.0172, -1.158100962638855, -7.919896125793457
2008-01-17T14:32:12.955Z, 4.0287, -1.1460826396942139, -7.9168219566345215
2008-01-17T14:33:08.155Z, 4.0401, -1.1340492963790894, -7.913687229156494
2008-01-17T14:34:03.355Z, 4.0515, -1.1220014095306396, -7.910492420196533
2008-01-17T14:34:58.555Z, 4.0629, -1.109938621520996, -7.907235622406006
2008-01-17T14:35:53.755Z, 4.0743, -1.0978606939315796, -7.903913974761963
2008-01-17T14:36:48.955Z, 4.0856, -1.0857688188552856, -7.900532245635986
2008-01-17T14:37:44.155Z, 4.0969, -1.073663353919983, -7.89708948135376
2008-01-17T14:38:39.355Z, 4.1082, -1.0615442991256714, -7.893586158752441
2008-01-17T14:39:34.555Z, 4.1195, -1.0494120121002197, -7.8900227546691895
2008-01-17T14:40:29.755Z, 4.1307, -1.0372668504714966, -7.8863983154296875
2008-01-17T14:41:24.955Z, 4.1419, -1.0251086950302124, -7.8827128410339355
2008-01-17T14:42:20.155Z, 4.1530, -1.012938141822815, -7.87896728515625
2008-01-17T14:43:15.355Z, 4.1642, -1.0007551908493042, -7.8751606941223145
2008-01-17T14:44:10.555Z, 4.1753, -0.988560140132904, -7.871293544769287
2008-01-17T14:45:05.755Z, 4.1864, -0.9763532876968384, -7.86736536026001
2008-01-17T14:46:00.955Z, 4.1975, -0.9641347527503967, -7.863376617431641
2008-01-17T14:46:56.155Z, 4.2085, -0.9519039392471313, -7.8593220710754395
2008-01-17T14:47:51.355Z, 4.2195, -0.9396618604660034, -7.855205535888672
2008-01-17T14:48:46.555Z, 4.2305, -0.9274088144302368, -7.851027965545654
2008-01-17T14:49:41.755Z, 4.2415, -0.9151451587677002, -7.846789836883545
2008-01-17T14:50:36.955Z, 4.2524, -0.9028711318969727, -7.8424906730651855
2008-01-17T14:51:32.155Z, 4.2633, -0.8905868530273438, -7.838130474090576
2008-01-17T14:52:27.355Z, 4.2742, -0.8782926201820374, -7.833708763122559
2008-01-17T14:53:22.555Z, 4.2850, -0.8659886717796326, -7.829226493835449
2008-01-17T14:54:17.755Z, 4.2959, -0.8536752462387085, -7.82468318939209
2008-01-17T14:55:12.955Z, 4.3067, -0.8413525819778442, -7.820078372955322
2008-01-17T14:56:08.155Z, 4.3174, -0.8290209174156189, -7.815412998199463
2008-01-17T14:57:03.355Z, 4.3282, -0.8166804313659668, -7.810686111450195
2008-01-17T14:57:58.555Z, 4.3389, -0.8043311834335327, -7.805896282196045
2008-01-17T14:58:53.755Z, 4.3496, -0.7919731140136719, -7.801041126251221
2008-01-17T14:59:48.955Z, 4.3602, -0.7796069979667664, -7.796124458312988
2008-01-17T15:00:44.155Z, 4.3708, -0.76723313331604, -7.791147232055664
2008-01-17T15:01:39.355Z, 4.3814, -0.7548516988754272, -7.786108016967773
2008-01-17T15:02:34.555Z, 4.3920, -0.7424629926681519, -7.781007766723633
2008-01-17T15:03:29.755Z, 4.4026, -0.7300671935081482, -7.775846481323242
2008-01-17T15:04:24.955Z, 4.4131, -0.7176645398139954, -7.770623683929443
2008-01-17T15:05:20.155Z, 4.4236, -0.7052552700042725, -7.765339374542236
2008-01-17T15:06:15.355Z, 4.4340, -0.6928396821022034, -7.759993553161621
2008-01-17T15:07:10.555Z, 4.4445, -0.6804180145263672, -7.754586219787598
2008-01-17T15:08:05.755Z, 4.4549, -0.6679903864860535, -7.749117851257324
2008-01-17T15:09:00.955Z, 4.4652, -0.6555571556091309, -7.743587970733643
2008-01-17T15:09:56.155Z, 4.4756, -0.643118143081665, -7.737991809844971
2008-01-17T15:10:51.355Z, 4.4859, -0.630673885345459, -7.732332706451416
2008-01-17T15:11:46.555Z, 4.4962, -0.6182247996330261, -7.726612567901611
2008-01-17T15:12:41.755Z, 4.5065, -0.6057710647583008, -7.72083044052124
2008-01-17T15:13:36.955Z, 4.5167, -0.5933129191398621, -7.714986801147461
2008-01-17T15:14:32.155Z, 4.5269, -0.5808506608009338, -7.709081649780273
2008-01-17T15:15:27.355Z, 4.5371, -0.5683844685554504, -7.703114986419678
2008-01-17T15:16:22.555Z, 4.5472, -0.5559146404266357, -7.697086811065674
2008-01-17T15:17:17.755Z, 4.5573, -0.5434413552284241, -7.690997123718262
2008-01-17T15:18:12.955Z, 4.5674, -0.5309649109840393, -7.684845447540283
2008-01-17T15:19:08.155Z, 4.5775, -0.5184854865074158, -7.6786322593688965
2008-01-17T15:20:03.355Z, 4.5875, -0.5060034394264221, -7.672357082366943
2008-01-17T15:20:58.555Z, 4.5975, -0.49351879954338074, -7.666018962860107
2008-01-17T15:21:53.755Z, 4.6075, -0.4810318350791931, -7.659614562988281
2008-01-17T15:22:48.955Z, 4.6174, -0.4685429632663727, -7.653148651123047
2008-01-17T15:23:44.155Z, 4.6273, -0.45605242252349854, -7.646620750427246
2008-01-17T15:24:39.355Z, 4.6372, -0.4435604512691498, -7.640031337738037
2008-01-17T15:25:34.555Z, 4.6470, -0.43106725811958313, -7.63338041305542
2008-01-17T15:26:29.755Z, 4.6569, -0.41857314109802246, -7.626667499542236
2008-01-17T15:27:24.954Z, 4.6667, -0.4060785472393036, -7.619892597198486
2008-01-17T15:28:20.154Z, 4.6764, -0.3935832381248474, -7.613056182861328
2008-01-17T15:29:15.354Z, 4.6862, -0.3810877203941345, -7.6061577796936035
2008-01-17T15:30:10.554Z, 4.6959, -0.368592232465744, -7.599197864532471
2008-01-17T15:31:05.754Z, 4.7055, -0.356097012758255, -7.592175483703613
2008-01-17T15:32:00.954Z, 4.7152, -0.3436022996902466, -7.585091590881348
2008-01-17T15:32:56.154Z, 4.7248, -0.331108421087265, -7.577941417694092
2008-01-17T15:33:51.354Z, 4.7344, -0.3186156153678894, -7.570727825164795
2008-01-17T15:34:46.554Z, 4.7439, -0.30612412095069885, -7.56345272064209
2008-01-17T15:35:41.754Z, 4.7534, -0.2936341464519501, -7.556115627288818
2008-01-17T15:36:36.954Z, 4.7629, -0.28114596009254456, -7.5487165451049805
2008-01-17T15:37:32.154Z, 4.7724, -0.2686598300933838, -7.541255474090576
2008-01-17T15:38:27.354Z, 4.7818, -0.2561759650707245, -7.533732891082764
2008-01-17T15:39:22.554Z, 4.7912, -0.24369460344314575, -7.526148319244385
2008-01-17T15:40:17.754Z, 4.8005, -0.23121602833271027, -7.5185017585754395
2008-01-17T15:41:12.954Z, 4.8099, -0.21874044835567474, -7.510793209075928
2008-01-17T15:42:08.154Z, 4.8192, -0.20626813173294067, -7.50302267074585
2008-01-17T15:43:03.354Z, 4.8284, -0.19379931688308716, -7.495190620422363
2008-01-17T15:43:58.554Z, 4.8377, -0.18133436143398285, -7.487294673919678
2008-01-17T15:44:53.754Z, 4.8469, -0.16887371242046356, -7.47933292388916
2008-01-17T15:45:48.954Z, 4.8561, -0.1564173400402069, -7.471308708190918
2008-01-17T15:46:44.154Z, 4.8652, -0.14396551251411438, -7.463222980499268
2008-01-17T15:47:39.354Z, 4.8743, -0.13151845335960388, -7.455075263977051
2008-01-17T15:48:34.554Z, 4.8834, -0.11907642334699631, -7.446866035461426
2008-01-17T15:49:29.754Z, 4.8925, -0.10663966834545135, -7.438594341278076
2008-01-17T15:50:24.954Z, 4.9015, -0.09420843422412872, -7.430261135101318
2008-01-17T15:51:20.154Z, 4.9105, -0.08178295940160751, -7.421865463256836
2008-01-17T15:52:15.354Z, 4.9194, -0.06936348974704742, -7.4134087562561035
2008-01-17T15:53:10.554Z, 4.9283, -0.05695028230547905, -7.4048895835876465
2008-01-17T15:54:05.754Z, 4.9372, -0.04454357177019119, -7.396308422088623
2008-01-17T15:55:00.954Z, 4.9461, -0.03214360401034355, -7.387665748596191
2008-01-17T15:55:56.154Z, 4.9549, -0.019751185551285744, -7.378956317901611
2008-01-17T15:56:51.354Z, 4.9637, -0.0073661888018250465, -7.370183944702148
2008-01-17T15:57:46.554Z, 4.9724, 0.0050113, -7.361349582672119
2008-01-17T15:58:41.754Z, 4.9812, 0.017381, -7.352453231811523
2008-01-17T15:59:36.954Z, 4.9899, 0.029743, -7.3434953689575195
2008-01-17T16:00:32.154Z, 4.9985, 0.042096, -7.334475517272949
2008-01-17T16:01:27.354Z, 5.0071, 0.054441, -7.3253936767578125
2008-01-17T16:02:22.554Z, 5.0157, 0.066777, -7.316250324249268
2008-01-17T16:03:17.754Z, 5.0243, 0.079104, -7.307044982910156
2008-01-17T16:04:12.954Z, 5.0328, 0.091422, -7.2977776527404785
2008-01-17T16:05:08.154Z, 5.0413, 0.10373, -7.288448810577393
2008-01-17T16:06:03.354Z, 5.0498, 0.11603, -7.27905797958374
2008-01-17T16:06:58.554Z, 5.0582, 0.12832, -7.269603729248047
2008-01-17T16:07:53.754Z, 5.0666, 0.14059, -7.2600836753845215
2008-01-17T16:08:48.954Z, 5.0750, 0.15286, -7.25050163269043
2008-01-17T16:09:44.154Z, 5.0833, 0.16512, -7.24085807800293
2008-01-17T16:10:39.354Z, 5.0916, 0.17736, -7.2311530113220215
2008-01-17T16:11:34.554Z, 5.0999, 0.18960, -7.221385955810547
2008-01-17T16:12:29.754Z, 5.1081, 0.20182, -7.211557388305664
2008-01-17T16:13:24.954Z, 5.1163, 0.21403, -7.201667308807373
2008-01-17T16:14:20.154Z, 5.1244, 0.22623, -7.191715240478516
2008-01-17T16:15:15.354Z, 5.1325, 0.23841, -7.18170166015625
2008-01-17T16:16:10.554Z, 5.1406, 0.25059, -7.171626567840576
2008-01-17T16:17:05.754Z, 5.1487, 0.26275, -7.161489963531494
2008-01-17T16:18:00.954Z, 5.1567, 0.27490, -7.151291370391846
2008-01-17T16:18:56.154Z, 5.1647, 0.28703, -7.141026973724365
2008-01-17T16:19:51.354Z, 5.1726, 0.29915, -7.130699634552002
2008-01-17T16:20:46.554Z, 5.1806, 0.31126, -7.1203107833862305
2008-01-17T16:21:41.754Z, 5.1884, 0.32335, -7.109860897064209
2008-01-17T16:22:36.954Z, 5.1963, 0.33543, -7.099349021911621
2008-01-17T16:23:32.154Z, 5.2041, 0.34749, -7.088776111602783
2008-01-17T16:24:27.354Z, 5.2119, 0.35954, -7.078141212463379
2008-01-17T16:25:22.554Z, 5.2196, 0.37157, -7.067445278167725
2008-01-17T16:26:17.754Z, 5.2273, 0.38359, -7.05668830871582
2008-01-17T16:27:12.954Z, 5.2350, 0.39560, -7.045869827270508
2008-01-17T16:28:08.154Z, 5.2426, 0.40758, -7.034989833831787
2008-01-17T16:29:03.354Z, 5.2502, 0.41956, -7.024048805236816
2008-01-17T16:29:58.554Z, 5.2578, 0.43151, -7.013044357299805
2008-01-17T16:30:53.754Z, 5.2653, 0.44345, -7.001975059509277
2008-01-17T16:31:48.954Z, 5.2728, 0.45537, -6.990844249725342
2008-01-17T16:32:44.154Z, 5.2803, 0.46727, -6.979652404785156
2008-01-17T16:33:39.354Z, 5.2877, 0.47916, -6.968399524688721
2008-01-17T16:34:34.554Z, 5.2951, 0.49103, -6.957085609436035
2008-01-17T16:35:29.754Z, 5.3024, 0.50288, -6.945710182189941
2008-01-17T16:36:24.954Z, 5.3097, 0.51471, -6.934274196624756
2008-01-17T16:37:20.154Z, 5.3170, 0.52653, -6.92277717590332
2008-01-17T16:38:15.354Z, 5.3242, 0.53832, -6.911219120025635
2008-01-17T16:39:10.554Z, 5.3314, 0.55010, -6.899600028991699
2008-01-17T16:40:05.754Z, 5.3386, 0.56186, -6.887919902801514
2008-01-17T16:41:00.954Z, 5.3457, 0.57360, -6.876179218292236
2008-01-17T16:41:56.154Z, 5.3528, 0.58532, -6.864372730255127
2008-01-17T16:42:51.354Z, 5.3598, 0.59702, -6.852504253387451
2008-01-17T16:43:46.554Z, 5.3669, 0.60870, -6.840575695037842
2008-01-17T16:44:41.754Z, 5.3738, 0.62036, -6.828585624694824
2008-01-17T16:45:36.954Z, 5.3808, 0.63200, -6.816535472869873
2008-01-17T16:46:32.154Z, 5.3877, 0.64362, -6.804424285888672
2008-01-17T16:47:27.354Z, 5.3945, 0.65522, -6.792252540588379
2008-01-17T16:48:22.554Z, 5.4014, 0.66679, -6.780020713806152
2008-01-17T16:49:17.754Z, 5.4082, 0.67835, -6.767727851867676
2008-01-17T16:50:12.954Z, 5.4149, 0.68988, -6.755374908447266
2008-01-17T16:51:08.154Z, 5.4216, 0.70139, -6.7429609298706055
2008-01-17T16:52:03.354Z, 5.4283, 0.71288, -6.73048734664917
2008-01-17T16:52:58.554Z, 5.4349, 0.72435, -6.717950820922852
2008-01-17T16:53:53.754Z, 5.4415, 0.73580, -6.705350875854492
2008-01-17T16:54:48.954Z, 5.4481, 0.74722, -6.692689895629883
2008-01-17T16:55:44.154Z, 5.4546, 0.75861, -6.679969310760498
2008-01-17T16:56:39.354Z, 5.4611, 0.76999, -6.6671881675720215
2008-01-17T16:57:34.554Z, 5.4675, 0.78134, -6.654346942901611
2008-01-17T16:58:29.754Z, 5.4739, 0.79267, -6.641445636749268
2008-01-17T16:59:24.954Z, 5.4803, 0.80397, -6.628484725952148
2008-01-17T17:00:20.154Z, 5.4866, 0.81525, -6.6154632568359375
2008-01-17T17:01:15.354Z, 5.4929, 0.82650, -6.602382183074951
2008-01-17T17:02:10.554Z, 5.4992, 0.83773, -6.589241027832031
2008-01-17T17:03:05.754Z, 5.5054, 0.84894, -6.576040267944336
2008-01-17T17:04:00.954Z, 5.5115, 0.86012, -6.562779903411865
2008-01-17T17:04:56.154Z, 5.5177, 0.87127, -6.549454689025879
2008-01-17T17:05:51.354Z, 5.5238, 0.88240, -6.536069393157959
2008-01-17T17:06:46.554Z, 5.5298, 0.89350, -6.5226240158081055
2008-01-17T17:07:41.754Z, 5.5358, 0.90457, -6.509119033813477
2008-01-17T17:08:36.954Z, 5.5418, 0.91562, -6.495554447174072
2008-01-17T17:09:32.154Z, 5.5477, 0.92664, -6.481930732727051
2008-01-17T17:10:27.354Z, 5.5536, 0.93764, -6.468247413635254
2008-01-17T17:11:22.554Z, 5.5594, 0.94861, -6.45450496673584
2008-01-17T17:12:17.754Z, 5.5652, 0.95955, -6.44070291519165
2008-01-17T17:13:12.953Z, 5.5710, 0.97046, -6.426842212677002
2008-01-17T17:14:08.153Z, 5.5767, 0.98135, -6.412921905517578
2008-01-17T17:15:03.353Z, 5.5824, 0.99221, -6.398942470550537
2008-01-17T17:15:58.553Z, 5.5881, 1.0030, -6.384902477264404
2008-01-17T17:16:53.753Z, 5.5937, 1.0138, -6.370799541473389
2008-01-17T17:17:48.953Z, 5.5992, 1.0246, -6.356637477874756
2008-01-17T17:18:44.153Z, 5.6047, 1.0353, -6.342416286468506
2008-01-17T17:19:39.353Z, 5.6102, 1.0461, -6.328136920928955
2008-01-17T17:20:34.553Z, 5.6156, 1.0567, -6.313798427581787
2008-01-17T17:21:29.753Z, 5.6210, 1.0674, -6.29940128326416
2008-01-17T17:22:24.953Z, 5.6264, 1.0780, -6.284945487976074
2008-01-17T17:23:20.153Z, 5.6317, 1.0886, -6.270431041717529
2008-01-17T17:24:15.353Z, 5.6370, 1.0992, -6.255858421325684
2008-01-17T17:25:10.553Z, 5.6422, 1.1097, -6.241227149963379
2008-01-17T17:26:05.753Z, 5.6474, 1.1202, -6.226537227630615
2008-01-17T17:27:00.953Z, 5.6525, 1.1307, -6.211789131164551
2008-01-17T17:27:56.153Z, 5.6576, 1.1411, -6.196978569030762
2008-01-17T17:28:51.353Z, 5.6626, 1.1515, -6.1821088790893555
2008-01-17T17:29:46.553Z, 5.6677, 1.1619, -6.167181015014648
2008-01-17T17:30:41.753Z, 5.6726, 1.1723, -6.152194499969482
2008-01-17T17:31:36.953Z, 5.6775, 1.1826, -6.137150764465332
2008-01-17T17:32:32.153Z, 5.6824, 1.1929, -6.122048854827881
2008-01-17T17:33:27.353Z, 5.6873, 1.2031, -6.106889247894287
2008-01-17T17:34:22.553Z, 5.6920, 1.2133, -6.091671466827393
2008-01-17T17:35:17.753Z, 5.6968, 1.2235, -6.076396465301514
2008-01-17T17:36:12.953Z, 5.7015, 1.2336, -6.061063766479492
2008-01-17T17:37:08.153Z, 5.7062, 1.2438, -6.045673370361328
2008-01-17T17:38:03.353Z, 5.7108, 1.2538, -6.0302252769470215
2008-01-17T17:38:58.553Z, 5.7153, 1.2639, -6.014718532562256
2008-01-17T17:39:53.753Z, 5.7199, 1.2739, -5.99915075302124
2008-01-17T17:40:48.953Z, 5.7243, 1.2839, -5.983525276184082
2008-01-17T17:41:44.153Z, 5.7288, 1.2938, -5.967843055725098
2008-01-17T17:42:39.353Z, 5.7332, 1.3037, -5.952103137969971
2008-01-17T17:43:34.553Z, 5.7375, 1.3136, -5.936306953430176
2008-01-17T17:44:29.753Z, 5.7418, 1.3235, -5.920453071594238
2008-01-17T17:45:24.953Z, 5.7461, 1.3333, -5.904542922973633
2008-01-17T17:46:20.153Z, 5.7503, 1.3430, -5.888575553894043
2008-01-17T17:47:15.353Z, 5.7545, 1.3528, -5.872551918029785
2008-01-17T17:48:10.553Z, 5.7586, 1.3625, -5.856471538543701
2008-01-17T17:49:05.753Z, 5.7626, 1.3721, -5.840334415435791
2008-01-17T17:50:00.953Z, 5.7667, 1.3817, -5.824140548706055
2008-01-17T17:50:56.153Z, 5.7707, 1.3913, -5.807886600494385
2008-01-17T17:51:51.353Z, 5.7746, 1.4009, -5.791574954986572
2008-01-17T17:52:46.553Z, 5.7785, 1.4104, -5.775207042694092
2008-01-17T17:53:41.753Z, 5.7823, 1.4199, -5.758782863616943
2008-01-17T17:54:36.953Z, 5.7861, 1.4293, -5.742302894592285
2008-01-17T17:55:32.153Z, 5.7898, 1.4387, -5.725766658782959
2008-01-17T17:56:27.353Z, 5.7935, 1.4481, -5.709174633026123
2008-01-17T17:57:22.553Z, 5.7972, 1.4574, -5.692526817321777
2008-01-17T17:58:17.753Z, 5.8008, 1.4667, -5.67582368850708
2008-01-17T17:59:12.953Z, 5.8044, 1.4759, -5.659064292907715
2008-01-17T18:00:08.153Z, 5.8079, 1.4851, -5.642249584197998
2008-01-17T18:01:03.353Z, 5.8113, 1.4943, -5.6253790855407715
2008-01-17T18:01:58.553Z, 5.8147, 1.5034, -5.608451843261719
2008-01-17T18:02:53.753Z, 5.8181, 1.5125, -5.591465950012207
2008-01-17T18:03:48.953Z, 5.8214, 1.5216, -5.5744242668151855
2008-01-17T18:04:44.153Z, 5.8247, 1.5306, -5.557327747344971
2008-01-17T18:05:39.353Z, 5.8279, 1.5395, -5.5401763916015625
2008-01-17T18:06:34.553Z, 5.8311, 1.5485, -5.522969722747803
2008-01-17T18:07:29.753Z, 5.8342, 1.5574, -5.50570821762085
2008-01-17T18:08:24.953Z, 5.8373, 1.5662, -5.488391876220703
2008-01-17T18:09:20.153Z, 5.8403, 1.5750, -5.4710211753845215
2008-01-17T18:10:15.353Z, 5.8432, 1.5838, -5.4535956382751465
2008-01-17T18:11:10.553Z, 5.8462, 1.5925, -5.436115741729736
2008-01-17T18:12:05.753Z, 5.8490, 1.6012, -5.418581485748291
2008-01-17T18:13:00.953Z, 5.8519, 1.6099, -5.4009928703308105
2008-01-17T18:13:56.153Z, 5.8546, 1.6185, -5.383345603942871
2008-01-17T18:14:51.353Z, 5.8574, 1.6270, -5.365643501281738
2008-01-17T18:15:46.553Z, 5.8600, 1.6355, -5.34788703918457
2008-01-17T18:16:41.753Z, 5.8626, 1.6440, -5.330076694488525
2008-01-17T18:17:36.953Z, 5.8652, 1.6524, -5.312212944030762
2008-01-17T18:18:32.153Z, 5.8677, 1.6608, -5.294295310974121
2008-01-17T18:19:27.353Z, 5.8702, 1.6692, -5.2763237953186035
2008-01-17T18:20:22.553Z, 5.8726, 1.6775, -5.258298873901367
2008-01-17T18:21:17.753Z, 5.8750, 1.6857, -5.240220069885254
2008-01-17T18:22:12.953Z, 5.8773, 1.6940, -5.22208833694458
2008-01-17T18:23:08.153Z, 5.8795, 1.7021, -5.2039031982421875
2008-01-17T18:24:03.353Z, 5.8817, 1.7103, -5.185665130615234
2008-01-17T18:24:58.553Z, 5.8839, 1.7184, -5.167372226715088
2008-01-17T18:25:53.753Z, 5.8860, 1.7264, -5.149022579193115
2008-01-17T18:26:48.953Z, 5.8880, 1.7344, -5.13062047958374
2008-01-17T18:27:44.153Z, 5.8900, 1.7423, -5.112165451049805
2008-01-17T18:28:39.353Z, 5.8920, 1.7502, -5.093657970428467
2008-01-17T18:29:34.553Z, 5.8939, 1.7581, -5.075097560882568
2008-01-17T18:30:29.753Z, 5.8957, 1.7659, -5.056485176086426
2008-01-17T18:31:24.953Z, 5.8975, 1.7737, -5.037819862365723
2008-01-17T18:32:20.153Z, 5.8992, 1.7814, -5.019102573394775
2008-01-17T18:33:15.353Z, 5.9009, 1.7891, -5.000333309173584
2008-01-17T18:34:10.553Z, 5.9025, 1.7967, -4.98151159286499
2008-01-17T18:35:05.753Z, 5.9040, 1.8043, -4.962637901306152
2008-01-17T18:36:00.953Z, 5.9056, 1.8119, -4.9437127113342285
2008-01-17T18:36:56.153Z, 5.9070, 1.8194, -4.924731731414795
2008-01-17T18:37:51.353Z, 5.9084, 1.8268, -4.905697822570801
2008-01-17T18:38:46.553Z, 5.9097, 1.8342, -4.886612892150879
2008-01-17T18:39:41.753Z, 5.9110, 1.8416, -4.867476463317871
2008-01-17T18:40:36.953Z, 5.9123, 1.8489, -4.848288536071777
2008-01-17T18:41:32.153Z, 5.9134, 1.8561, -4.829049110412598
2008-01-17T18:42:27.353Z, 5.9145, 1.8633, -4.809759140014648
2008-01-17T18:43:22.553Z, 5.9156, 1.8705, -4.790417671203613
2008-01-17T18:44:17.753Z, 5.9166, 1.8776, -4.771025657653809
2008-01-17T18:45:12.953Z, 5.9176, 1.8847, -4.751582622528076
2008-01-17T18:46:08.153Z, 5.9185, 1.8917, -4.732089519500732
2008-01-17T18:47:03.353Z, 5.9193, 1.8987, -4.712545394897461
2008-01-17T18:47:58.553Z, 5.9201, 1.9056, -4.692949295043945
2008-01-17T18:48:53.753Z, 5.9208, 1.9125, -4.673299312591553
2008-01-17T18:49:48.953Z, 5.9214, 1.9193, -4.653599739074707
2008-01-17T18:50:44.153Z, 5.9220, 1.9261, -4.633849620819092
2008-01-17T18:51:39.353Z, 5.9226, 1.9328, -4.614049434661865
2008-01-17T18:52:34.553Z, 5.9231, 1.9395, -4.5941996574401855
2008-01-17T18:53:29.753Z, 5.9235, 1.9461, -4.574300289154053
2008-01-17T18:54:24.953Z, 5.9239, 1.9527, -4.554350852966309
2008-01-17T18:55:20.153Z, 5.9242, 1.9592, -4.534351825714111
2008-01-17T18:56:15.353Z, 5.9244, 1.9657, -4.514303684234619
2008-01-17T18:57:10.553Z, 5.9246, 1.9721, -4.494205951690674
2008-01-17T18:58:05.753Z, 5.9247, 1.9785, -4.474059581756592
2008-01-17T18:59:00.952Z, 5.9248, 1.9848, -4.453864097595215
2008-01-17T18:59:56.152Z, 5.9248, 1.9911, -4.433615207672119
2008-01-17T19:00:51.352Z, 5.9247, 1.9973, -4.4133172035217285
2008-01-17T19:01:46.552Z, 5.9246, 2.0035, -4.392970085144043
2008-01-17T19:02:41.752Z, 5.9245, 2.0096, -4.372574329376221
2008-01-17T19:03:36.952Z, 5.9242, 2.0157, -4.35213041305542
2008-01-17T19:04:32.152Z, 5.9239, 2.0217, -4.331637859344482
2008-01-17T19:05:27.352Z, 5.9236, 2.0276, -4.311097145080566
2008-01-17T19:06:22.552Z, 5.9231, 2.0336, -4.290508270263672
2008-01-17T19:07:17.752Z, 5.9226, 2.0394, -4.269871234893799
2008-01-17T19:08:12.952Z, 5.9221, 2.0452, -4.2491865158081055
2008-01-17T19:09:08.152Z, 5.9215, 2.0510, -4.228454113006592
2008-01-17T19:10:03.352Z, 5.9208, 2.0567, -4.207674026489258
2008-01-17T19:10:58.552Z, 5.9201, 2.0623, -4.186844825744629
2008-01-17T19:11:53.752Z, 5.9193, 2.0679, -4.1659650802612305
2008-01-17T19:12:48.952Z, 5.9184, 2.0735, -4.145038604736328
2008-01-17T19:13:44.152Z, 5.9175, 2.0790, -4.1240644454956055
2008-01-17T19:14:39.352Z, 5.9165, 2.0844, -4.103043556213379
2008-01-17T19:15:34.552Z, 5.9154, 2.0898, -4.08197546005249
2008-01-17T19:16:29.752Z, 5.9143, 2.0951, -4.060861110687256
2008-01-17T19:17:24.952Z, 5.9131, 2.1004, -4.039699554443359
2008-01-17T19:18:20.152Z, 5.9118, 2.1056, -4.018492221832275
2008-01-17T19:19:15.352Z, 5.9105, 2.1108, -3.9972379207611084
2008-01-17T19:20:10.552Z, 5.9091, 2.1159, -3.9759373664855957
2008-01-17T19:21:05.752Z, 5.9077, 2.1209, -3.9545910358428955
2008-01-17T19:22:00.952Z, 5.9061, 2.1259, -3.9331984519958496
2008-01-17T19:22:56.152Z, 5.9046, 2.1309, -3.9117565155029297
2008-01-17T19:23:51.352Z, 5.9029, 2.1358, -3.890268087387085
2008-01-17T19:24:46.552Z, 5.9012, 2.1406, -3.868734121322632
2008-01-17T19:25:41.752Z, 5.8994, 2.1454, -3.8471546173095703
2008-01-17T19:26:36.952Z, 5.8975, 2.1501, -3.8255298137664795
2008-01-17T19:27:32.152Z, 5.8956, 2.1548, -3.8038599491119385
2008-01-17T19:28:27.352Z, 5.8936, 2.1594, -3.782144784927368
2008-01-17T19:29:22.552Z, 5.8915, 2.1640, -3.7603847980499268
2008-01-17T19:30:17.752Z, 5.8894, 2.1685, -3.7385799884796143
2008-01-17T19:31:12.952Z, 5.8872, 2.1729, -3.7167305946350098
2008-01-17T19:32:08.152Z, 5.8849, 2.1773, -3.6948368549346924
2008-01-17T19:33:03.352Z, 5.8825, 2.1816, -3.672898530960083
2008-01-17T19:33:58.552Z, 5.8801, 2.1859, -3.6509146690368652
2008-01-17T19:34:53.752Z, 5.8776, 2.1901, -3.6288838386535645
2008-01-17T19:35:48.952Z, 5.8751, 2.1943, -3.606809139251709
2008-01-17T19:36:44.152Z, 5.8724, 2.1984, -3.584690570831299
2008-01-17T19:37:39.352Z, 5.8697, 2.2024, -3.562528371810913
2008-01-17T19:38:34.552Z, 5.8670, 2.2064, -3.5403225421905518
2008-01-17T19:39:29.752Z, 5.8641, 2.2103, -3.518073558807373
2008-01-17T19:40:24.952Z, 5.8612, 2.2142, -3.495781183242798
2008-01-17T19:41:20.152Z, 5.8582, 2.2180, -3.4734458923339844
2008-01-17T19:42:15.352Z, 5.8551, 2.2218, -3.4510674476623535
2008-01-17T19:43:10.552Z, 5.8520, 2.2255, -3.4286463260650635
2008-01-17T19:44:05.752Z, 5.8488, 2.2291, -3.4061825275421143
2008-01-17T19:45:00.952Z, 5.8455, 2.2327, -3.383676052093506
2008-01-17T19:45:56.152Z, 5.8421, 2.2362, -3.361124277114868
2008-01-17T19:46:51.352Z, 5.8387, 2.2397, -3.338529348373413
2008-01-17T19:47:46.552Z, 5.8351, 2.2431, -3.315892457962036
2008-01-17T19:48:41.752Z, 5.8315, 2.2464, -3.2932136058807373
2008-01-17T19:49:36.952Z, 5.8279, 2.2497, -3.2704930305480957
2008-01-17T19:50:32.152Z, 5.8241, 2.2529, -3.2477309703826904
2008-01-17T19:51:27.352Z, 5.8203, 2.2561, -3.2249274253845215
2008-01-17T19:52:22.552Z, 5.8164, 2.2592, -3.202082633972168
2008-01-17T19:53:17.752Z, 5.8124, 2.2622, -3.179196834564209
2008-01-17T19:54:12.952Z, 5.8083, 2.2652, -3.1562697887420654
2008-01-17T19:55:08.152Z, 5.8042, 2.2681, -3.1333022117614746
2008-01-17T19:56:03.352Z, 5.8000, 2.2710, -3.1102938652038574
2008-01-17T19:56:58.552Z, 5.7957, 2.2738, -3.0872440338134766
2008-01-17T19:57:53.752Z, 5.7913, 2.2765, -3.0641510486602783
2008-01-17T19:58:48.952Z, 5.7869, 2.2792, -3.041018009185791
2008-01-17T19:59:44.152Z, 5.7823, 2.2818, -3.0178449153900146
2008-01-17T20:00:39.352Z, 5.7777, 2.2844, -2.9946320056915283
2008-01-17T20:01:34.552Z, 5.7730, 2.2869, -2.9713797569274902
2008-01-17T20:02:29.752Z, 5.7682, 2.2893, -2.948087692260742
2008-01-17T20:03:24.952Z, 5.7634, 2.2917, -2.9247565269470215
2008-01-17T20:04:20.152Z, 5.7584, 2.2940, -2.901386260986328
2008-01-17T20:05:15.352Z, 5.7534, 2.2962, -2.877976894378662
2008-01-17T20:06:10.552Z, 5.7483, 2.2984, -2.8545289039611816
2008-01-17T20:07:05.752Z, 5.7431, 2.3005, -2.8310420513153076
2008-01-17T20:08:00.952Z, 5.7378, 2.3026, -2.8075170516967773
2008-01-17T20:08:56.152Z, 5.7324, 2.3046, -2.7839505672454834
2008-01-17T20:09:51.352Z, 5.7270, 2.3065, -2.760345697402954
2008-01-17T20:10:46.552Z, 5.7214, 2.3084, -2.7367026805877686
2008-01-17T20:11:41.752Z, 5.7158, 2.3102, -2.713021993637085
2008-01-17T20:12:36.952Z, 5.7101, 2.3119, -2.6893038749694824
2008-01-17T20:13:32.152Z, 5.7043, 2.3136, -2.66554856300354
2008-01-17T20:14:27.352Z, 5.6984, 2.3152, -2.6417558193206787
2008-01-17T20:15:22.552Z, 5.6924, 2.3168, -2.6179263591766357
2008-01-17T20:16:17.752Z, 5.6864, 2.3183, -2.594060182571411
2008-01-17T20:17:12.952Z, 5.6802, 2.3197, -2.570157289505005
2008-01-17T20:18:08.152Z, 5.6740, 2.3210, -2.546217918395996
2008-01-17T20:19:03.352Z, 5.6677, 2.3223, -2.522242546081543
2008-01-17T20:19:58.552Z, 5.6613, 2.3236, -2.498230218887329
2008-01-17T20:20:53.752Z, 5.6548, 2.3247, -2.474179744720459
2008-01-17T20:21:48.952Z, 5.6482, 2.3258, -2.4500935077667236
2008-01-17T20:22:44.152Z, 5.6415, 2.3268, -2.4259719848632812
2008-01-17T20:23:39.352Z, 5.6347, 2.3278, -2.401815414428711
2008-01-17T20:24:34.552Z, 5.6278, 2.3287, -2.377624034881592
2008-01-17T20:25:29.752Z, 5.6208, 2.3295, -2.353397846221924
2008-01-17T20:26:24.952Z, 5.6138, 2.3303, -2.329137086868286
2008-01-17T20:27:20.152Z, 5.6066, 2.3310, -2.304841995239258
2008-01-17T20:28:15.352Z, 5.5994, 2.3316, -2.280512809753418
2008-01-17T20:29:10.552Z, 5.5920, 2.3322, -2.2561497688293457
2008-01-17T20:30:05.752Z, 5.5846, 2.3327, -2.23175311088562
2008-01-17T20:31:00.952Z, 5.5770, 2.3332, -2.2073230743408203
2008-01-17T20:31:56.152Z, 5.5694, 2.3335, -2.1828572750091553
2008-01-17T20:32:51.352Z, 5.5617, 2.3338, -2.158357858657837
2008-01-17T20:33:46.552Z, 5.5538, 2.3340, -2.1338257789611816
2008-01-17T20:34:41.752Z, 5.5459, 2.3342, -2.1092612743377686
2008-01-17T20:35:36.952Z, 5.5379, 2.3343, -2.0846645832061768
2008-01-17T20:36:32.152Z, 5.5297, 2.3343, -2.0600359439849854
2008-01-17T20:37:27.352Z, 5.5215, 2.3343, -2.0353753566741943
2008-01-17T20:38:22.552Z, 5.5132, 2.3342, -2.010683298110962
2008-01-17T20:39:17.752Z, 5.5048, 2.3340, -1.9859600067138672
2008-01-17T20:40:12.952Z, 5.4962, 2.3338, -1.9612057209014893
2008-01-17T20:41:08.152Z, 5.4876, 2.3334, -1.9364206790924072
2008-01-17T20:42:03.352Z, 5.4789, 2.3331, -1.9116051197052002
2008-01-17T20:42:58.552Z, 5.4700, 2.3326, -1.8867584466934204
2008-01-17T20:43:53.751Z, 5.4611, 2.3321, -1.8618803024291992
2008-01-17T20:44:48.951Z, 5.4520, 2.3315, -1.8369719982147217
2008-01-17T20:45:44.151Z, 5.4429, 2.3308, -1.8120343685150146
2008-01-17T20:46:39.351Z, 5.4336, 2.3301, -1.7870675325393677
2008-01-17T20:47:34.551Z, 5.4242, 2.3293, -1.762071967124939
2008-01-17T20:48:29.751Z, 5.4148, 2.3284, -1.7370476722717285
2008-01-17T20:49:24.951Z, 5.4052, 2.3275, -1.711995244026184
2008-01-17T20:50:20.151Z, 5.3955, 2.3264, -1.6869148015975952
2008-01-17T20:51:15.351Z, 5.3857, 2.3254, -1.661806583404541
2008-01-17T20:52:10.551Z, 5.3758, 2.3242, -1.6366710662841797
2008-01-17T20:53:05.751Z, 5.3658, 2.3230, -1.6115083694458008
2008-01-17T20:54:00.951Z, 5.3556, 2.3217, -1.586318850517273
2008-01-17T20:54:56.151Z, 5.3454, 2.3203, -1.5611008405685425
2008-01-17T20:55:51.351Z, 5.3350, 2.3188, -1.5358562469482422
2008-01-17T20:56:46.551Z, 5.3246, 2.3173, -1.510585904121399
2008-01-17T20:57:41.751Z, 5.3140, 2.3157, -1.4852900505065918
2008-01-17T20:58:36.951Z, 5.3033, 2.3140, -1.4599690437316895
2008-01-17T20:59:32.151Z, 5.2925, 2.3123, -1.4346232414245605
2008-01-17T21:00:27.351Z, 5.2815, 2.3105, -1.4092530012130737
2008-01-17T21:01:22.551Z, 5.2705, 2.3086, -1.3838586807250977
2008-01-17T21:02:17.751Z, 5.2593, 2.3066, -1.3584403991699219
2008-01-17T21:03:12.951Z, 5.2480, 2.3046, -1.3329988718032837
2008-01-17T21:04:08.151Z, 5.2366, 2.3025, -1.3075342178344727
2008-01-17T21:05:03.351Z, 5.2251, 2.3003, -1.2820467948913574
2008-01-17T21:05:58.551Z, 5.2135, 2.2981, -1.2565364837646484
2008-01-17T21:06:53.751Z, 5.2017, 2.2957, -1.2310028076171875
2008-01-17T21:07:48.951Z, 5.1898, 2.2933, -1.2054476737976074
2008-01-17T21:08:44.151Z, 5.1778, 2.2908, -1.1798713207244873
2008-01-17T21:09:39.351Z, 5.1657, 2.2882, -1.154274344444275
2008-01-17T21:10:34.551Z, 5.1534, 2.2856, -1.1286571025848389
2008-01-17T21:11:29.751Z, 5.1410, 2.2829, -1.1030199527740479
2008-01-17T21:12:24.951Z, 5.1285, 2.2801, -1.0773632526397705
2008-01-17T21:13:20.151Z, 5.1159, 2.2772, -1.0516875982284546
2008-01-17T21:14:15.351Z, 5.1031, 2.2743, -1.0259933471679688
2008-01-17T21:15:10.551Z, 5.0902, 2.2712, -1.0002808570861816
2008-01-17T21:16:05.751Z, 5.0772, 2.2681, -0.9745506048202515
2008-01-17T21:17:00.951Z, 5.0641, 2.2650, -0.9488031268119812
2008-01-17T21:17:56.151Z, 5.0508, 2.2617, -0.923037588596344
2008-01-17T21:18:51.351Z, 5.0373, 2.2583, -0.8972554802894592
2008-01-17T21:19:46.551Z, 5.0238, 2.2549, -0.871457576751709
2008-01-17T21:20:41.751Z, 5.0101, 2.2514, -0.8456444144248962
2008-01-17T21:21:36.951Z, 4.9963, 2.2478, -0.819816529750824
2008-01-17T21:22:32.151Z, 4.9823, 2.2442, -0.7939742803573608
2008-01-17T21:23:27.351Z, 4.9682, 2.2404, -0.7681183815002441
2008-01-17T21:24:22.551Z, 4.9540, 2.2366, -0.7422491908073425
2008-01-17T21:25:17.751Z, 4.9396, 2.2327, -0.7163673043251038
2008-01-17T21:26:12.951Z, 4.9251, 2.2287, -0.6904732584953308
2008-01-17T21:27:08.151Z, 4.9105, 2.2247, -0.6645676493644714
2008-01-17T21:28:03.351Z, 4.8957, 2.2205, -0.6386510133743286
2008-01-17T21:28:58.551Z, 4.8807, 2.2163, -0.6127236485481262
2008-01-17T21:29:53.751Z, 4.8657, 2.2120, -0.5867858529090881
2008-01-17T21:30:48.951Z, 4.8504, 2.2076, -0.5608389377593994
2008-01-17T21:31:44.151Z, 4.8350, 2.2031, -0.534883439540863
2008-01-17T21:32:39.351Z, 4.8195, 2.1985, -0.5089201331138611
2008-01-17T21:33:34.551Z, 4.8039, 2.1939, -0.48294952511787415
2008-01-17T21:34:29.751Z, 4.7880, 2.1891, -0.4569723308086395
2008-01-17T21:35:24.951Z, 4.7721, 2.1843, -0.43098920583724976
2008-01-17T21:36:20.151Z, 4.7560, 2.1794, -0.40500080585479736
2008-01-17T21:37:15.351Z, 4.7397, 2.1744, -0.37900784611701965
2008-01-17T21:38:10.551Z, 4.7233, 2.1694, -0.35301101207733154
2008-01-17T21:39:05.751Z, 4.7067, 2.1642, -0.32701101899147034
2008-01-17T21:40:00.951Z, 4.6900, 2.1589, -0.3010086417198181
2008-01-17T21:40:56.151Z, 4.6731, 2.1536, -0.2750045359134674
2008-01-17T21:41:51.351Z, 4.6560, 2.1482, -0.24899964034557343
2008-01-17T21:42:46.551Z, 4.6388, 2.1427, -0.2229948192834854
2008-01-17T21:43:41.751Z, 4.6214, 2.1371, -0.19699084758758545
2008-01-17T21:44:36.951Z, 4.6039, 2.1314, -0.1709885448217392
2008-01-17T21:45:32.151Z, 4.5862, 2.1256, -0.14498873054981232
2008-01-17T21:46:27.351Z, 4.5683, 2.1197, -0.11899229884147644
2008-01-17T21:47:22.551Z, 4.5503, 2.1137, -0.09300009161233902
2008-01-17T21:48:17.751Z, 4.5321, 2.1077, -0.06701300293207169
2008-01-17T21:49:12.951Z, 4.5138, 2.1015, -0.04103194177150726
2008-01-17T21:50:08.151Z, 4.4953, 2.0953, -0.015057843178510666
2008-01-17T21:51:03.351Z, 4.4766, 2.0890, 0.010908
2008-01-17T21:51:58.551Z, 4.4577, 2.0826, 0.036865
2008-01-17T21:52:53.751Z, 4.4387, 2.0760, 0.062812
2008-01-17T21:53:48.951Z, 4.4194, 2.0694, 0.088747
2008-01-17T21:54:44.151Z, 4.4000, 2.0627, 0.11467
2008-01-17T21:55:39.351Z, 4.3805, 2.0559, 0.14058
2008-01-17T21:56:34.551Z, 4.3607, 2.0490, 0.16648
2008-01-17T21:57:29.751Z, 4.3408, 2.0420, 0.19236
2008-01-17T21:58:24.951Z, 4.3207, 2.0349, 0.21822
2008-01-17T21:59:20.151Z, 4.3004, 2.0277, 0.24407
2008-01-17T22:00:15.351Z, 4.2799, 2.0205, 0.26989
2008-01-17T22:01:10.551Z, 4.2592, 2.0131, 0.29570
2008-01-17T22:02:05.751Z, 4.2384, 2.0056, 0.32148
2008-01-17T22:03:00.951Z, 4.2173, 1.9980, 0.34725
2008-01-17T22:03:56.151Z, 4.1961, 1.9903, 0.37298
2008-01-17T22:04:51.351Z, 4.1747, 1.9826, 0.39869
2008-01-17T22:05:46.551Z, 4.1530, 1.9747, 0.42438
2008-01-17T22:06:41.751Z, 4.1312, 1.9667, 0.45003
2008-01-17T22:07:36.951Z, 4.1092, 1.9586, 0.47566
2008-01-17T22:08:32.151Z, 4.0870, 1.9504, 0.50125
2008-01-17T22:09:27.351Z, 4.0646, 1.9421, 0.52682
2008-01-17T22:10:22.551Z, 4.0420, 1.9337, 0.55234
2008-01-17T22:11:17.751Z, 4.0192, 1.9252, 0.57783
2008-01-17T22:12:12.951Z, 3.9962, 1.9166, 0.60329
2008-01-17T22:13:08.151Z, 3.9729, 1.9078, 0.62870
2008-01-17T22:14:03.351Z, 3.9495, 1.8990, 0.65408
2008-01-17T22:14:58.551Z, 3.9259, 1.8901, 0.67940
2008-01-17T22:15:53.751Z, 3.9020, 1.8810, 0.70469
2008-01-17T22:16:48.951Z, 3.8779, 1.8719, 0.72992
2008-01-17T22:17:44.151Z, 3.8536, 1.8626, 0.75511
2008-01-17T22:18:39.351Z, 3.8291, 1.8532, 0.78024
2008-01-17T22:19:34.551Z, 3.8044, 1.8437, 0.80533
2008-01-17T22:20:29.751Z, 3.7794, 1.8341, 0.83035
2008-01-17T22:21:24.951Z, 3.7543, 1.8244, 0.85533
2008-01-17T22:22:20.151Z, 3.7289, 1.8146, 0.88024
2008-01-17T22:23:15.351Z, 3.7033, 1.8046, 0.90509
2008-01-17T22:24:10.551Z, 3.6774, 1.7946, 0.92988
2008-01-17T22:25:05.751Z, 3.6513, 1.7844, 0.95460
2008-01-17T22:26:00.951Z, 3.6250, 1.7741, 0.97926
2008-01-17T22:26:56.151Z, 3.5985, 1.7637, 1.0038
2008-01-17T22:27:51.351Z, 3.5717, 1.7531, 1.0283
2008-01-17T22:28:46.551Z, 3.5447, 1.7425, 1.0528
2008-01-17T22:29:41.750Z, 3.5174, 1.7317, 1.0771
2008-01-17T22:30:36.950Z, 3.4899, 1.7208, 1.1014
2008-01-17T22:31:32.150Z, 3.4621, 1.7098, 1.1256
2008-01-17T22:32:27.350Z, 3.4341, 1.6986, 1.1497
2008-01-17T22:33:22.550Z, 3.4059, 1.6873, 1.1737
2008-01-17T22:34:17.750Z, 3.3774, 1.6759, 1.1976
2008-01-17T22:35:12.950Z, 3.3487, 1.6644, 1.2214
2008-01-17T22:36:08.150Z, 3.3197, 1.6527, 1.2451
2008-01-17T22:37:03.350Z, 3.2904, 1.6410, 1.2687
2008-01-17T22:37:58.550Z, 3.2609, 1.6290, 1.2922
2008-01-17T22:38:53.750Z, 3.2311, 1.6170, 1.3156
2008-01-17T22:39:48.950Z, 3.2011, 1.6048, 1.3389
2008-01-17T22:40:44.150Z, 3.1707, 1.5925, 1.3621
2008-01-17T22:41:39.350Z, 3.1402, 1.5800, 1.3851
2008-01-17T22:42:34.550Z, 3.1093, 1.5674, 1.4080
2008-01-17T22:43:29.750Z, 3.0782, 1.5547, 1.4308
2008-01-17T22:44:24.950Z, 3.0468, 1.5418, 1.4534
2008-01-17T22:45:20.150Z, 3.0151, 1.5288, 1.4759
2008-01-17T22:46:15.350Z, 2.9832, 1.5157, 1.4983
2008-01-17T22:47:10.550Z, 2.9510, 1.5024, 1.5205
2008-01-17T22:48:05.750Z, 2.9185, 1.4890, 1.5426
2008-01-17T22:49:00.950Z, 2.8857, 1.4754, 1.5645
2008-01-17T22:49:56.150Z, 2.8526, 1.4617, 1.5863
2008-01-17T22:50:51.350Z, 2.8192, 1.4478, 1.6078
2008-01-17T22:51:46.550Z, 2.7855, 1.4338, 1.6292
2008-01-17T22:52:41.750Z, 2.7516, 1.4197, 1.6505
2008-01-17T22:53:36.950Z, 2.7173, 1.4053, 1.6715
2008-01-17T22:54:32.150Z, 2.6828, 1.3909, 1.6924
2008-01-17T22:55:27.350Z, 2.6479, 1.3763, 1.7130
2008-01-17T22:56:22.550Z, 2.6128, 1.3615, 1.7335
2008-01-17T22:57:17.750Z, 2.5773, 1.3466, 1.7538
2008-01-17T22:58:12.950Z, 2.5416, 1.3315, 1.7738
2008-01-17T22:59:08.150Z, 2.5055, 1.3163, 1.7937
2008-01-17T23:00:03.350Z, 2.4691, 1.3009, 1.8133
2008-01-17T23:00:58.550Z, 2.4325, 1.2854, 1.8326
2008-01-17T23:01:53.750Z, 2.3954, 1.2697, 1.8518
2008-01-17T23:02:48.950Z, 2.3581, 1.2538, 1.8706
2008-01-17T23:03:44.150Z, 2.3205, 1.2377, 1.8892
2008-01-17T23:04:39.350Z, 2.2825, 1.2215, 1.9076
2008-01-17T23:05:34.550Z, 2.2443, 1.2052, 1.9257
2008-01-17T23:06:29.750Z, 2.2057, 1.1886, 1.9435
2008-01-17T23:07:24.950Z, 2.1668, 1.1719, 1.9610
2008-01-17T23:08:20.150Z, 2.1276, 1.1551, 1.9783
2008-01-17T23:09:15.350Z, 2.0880, 1.1381, 1.9952
2008-01-17T23:10:10.550Z, 2.0482, 1.1209, 2.0118
2008-01-17T23:11:05.750Z, 2.0080, 1.1035, 2.0281
2008-01-17T23:12:00.950Z, 1.9675, 1.0860, 2.0441
2008-01-17T23:12:56.150Z, 1.9266, 1.0682, 2.0597
2008-01-17T23:13:51.350Z, 1.8855, 1.0503, 2.0750
2008-01-17T23:14:46.550Z, 1.8440, 1.0323, 2.0899
2008-01-17T23:15:41.750Z, 1.8021, 1.0140, 2.1044
2008-01-17T23:16:36.950Z, 1.7600, 0.99559, 2.1186
2008-01-17T23:17:32.150Z, 1.7175, 0.97700, 2.1323
2008-01-17T23:18:27.350Z, 1.6747, 0.95823, 2.1457
2008-01-17T23:19:22.550Z, 1.6316, 0.93928, 2.1586
2008-01-17T23:20:17.750Z, 1.5882, 0.92016, 2.1712
2008-01-17T23:21:12.950Z, 1.5444, 0.90086, 2.1832
2008-01-17T23:22:08.150Z, 1.5003, 0.88139, 2.1949
2008-01-17T23:23:03.350Z, 1.4559, 0.86174, 2.2061
2008-01-17T23:23:58.550Z, 1.4112, 0.84190, 2.2168
2008-01-17T23:24:53.750Z, 1.3662, 0.82188, 2.2269
2008-01-17T23:25:48.950Z, 1.3209, 0.80169, 2.2366
2008-01-17T23:26:44.150Z, 1.2752, 0.78132, 2.2458
2008-01-17T23:27:39.350Z, 1.2293, 0.76077, 2.2544
2008-01-17T23:28:34.550Z, 1.1831, 0.74005, 2.2625
2008-01-17T23:29:29.750Z, 1.1365, 0.71916, 2.2700
2008-01-17T23:30:24.950Z, 1.0897, 0.69810, 2.2770
2008-01-17T23:31:20.150Z, 1.0426, 0.67687, 2.2834
2008-01-17T23:32:15.350Z, 0.99527, 0.65547, 2.2892
2008-01-17T23:33:10.550Z, 0.94764, 0.63390, 2.2944
2008-01-17T23:34:05.750Z, 0.89975, 0.61217, 2.2989
2008-01-17T23:35:00.950Z, 0.85161, 0.59027, 2.3028
2008-01-17T23:35:56.150Z, 0.80321, 0.56820, 2.3060
2008-01-17T23:36:51.350Z, 0.75457, 0.54598, 2.3086
2008-01-17T23:37:46.550Z, 0.70571, 0.52359, 2.3104
2008-01-17T23:38:41.750Z, 0.65663, 0.50106, 2.3115
2008-01-17T23:39:36.950Z, 0.60734, 0.47838, 2.3120
2008-01-17T23:40:32.150Z, 0.55787, 0.45556, 2.3116
2008-01-17T23:41:27.350Z, 0.50821, 0.43259, 2.3106
2008-01-17T23:42:22.550Z, 0.45839, 0.40950, 2.3088
2008-01-17T23:43:17.750Z, 0.40841, 0.38627, 2.3062
2008-01-17T23:44:12.950Z, 0.35828, 0.36291, 2.3028
2008-01-17T23:45:08.150Z, 0.30804, 0.33944, 2.2986
2008-01-17T23:46:03.350Z, 0.25768, 0.31585, 2.2936
2008-01-17T23:46:58.550Z, 0.20722, 0.29215, 2.2878
2008-01-17T23:47:53.750Z, 0.15668, 0.26834, 2.2810
2008-01-17T23:48:48.950Z, 0.10609, 0.24444, 2.2734
2008-01-17T23:49:44.150Z, 0.055452, 0.22046, 2.2649
2008-01-17T23:50:39.350Z, 0.0047950, 0.19639, 2.2556
2008-01-17T23:51:34.550Z, -0.04586330056190491, 0.17225, 2.2454
2008-01-17T23:52:29.750Z, -0.09650307148694992, 0.14805, 2.2342
2008-01-17T23:53:24.950Z, -0.14710375666618347, 0.12379, 2.2222
2008-01-17T23:54:20.150Z, -0.19764424860477448, 0.099482, 2.2092
2008-01-17T23:55:15.350Z, -0.24810288846492767, 0.075140, 2.1954
2008-01-17T23:56:10.550Z, -0.298457533121109, 0.050769, 2.1806
2008-01-17T23:57:05.750Z, -0.3486856520175934, 0.026379, 2.1648
2008-01-17T23:58:00.950Z, -0.3987642824649811, 0.0019804, 2.1482
2008-01-17T23:58:56.150Z, -0.44865480065345764, -0.022416703402996063, 2.1305
